Chromosome	Start	End	Strand	name	ED FOXA1	Dox FOXA1 High	Dox FOXA1 Low	Dox input	ED input	Dox H3K27ac	ED H3K27ac
chr6	26687484	26687557	+	tRNA-Ala-AGC-10-1	0.780287580892989	0.652897930218297	0.556508999551074	0.794317019453057	0.782533061199218	0.531085240260252	0.484565311995414
chr6	28763740	28763812	-	tRNA-Ala-AGC-1-1	0.106402851939953	0.124361510517771	0.097633157815978	0.0449613407237579	0.0850579414346976	0	0.0358937268144751
chr6	26572091	26572164	-	tRNA-Ala-AGC-11-1	1.04629471074287	1.50788331502797	1.27899436738931	0.434626293662993	0.510347648608186	1.38461509067851	1.13065239465597
chr6	26682714	26682787	+	tRNA-Ala-AGC-12-1	0.549748068356424	0.404174909182756	0.419822578608705	0.689407224430955	0.510347648608186	0.474183250232368	0.448671585180939
chr6	26796005	26796078	-	tRNA-Ala-AGC-12-2	0.354676173133177	0.388629720368034	0.419822578608705	0.509561861535923	0.425289707173488	0.170705970083652	0.305096677923038
chr6	58182678	58182751	-	tRNA-Ala-AGC-12-3	0.602949494326401	0.481900853256362	0.507692420643086	0.479587634386751	0.527359236895125	0.303477280148715	0.323043541330276
chr6	26705605	26705678	+	tRNA-Ala-AGC-13-1	0.815755198206307	0.68398830784774	0.654142157367053	0.644445883707197	0.561382413469004	0.606954560297431	0.717874536289502
chr6	58164627	58164700	-	tRNA-Ala-AGC-13-2	0.372409981789836	0.544081608515248	0.644378841585455	0.569510315834267	0.612417178329823	0.227607960111537	0.448671585180939
chr6	26673589	26673662	+	tRNA-Ala-AGC-14-1	0.443345216416471	0.310903776294427	0.48816578907989	0.614471656558025	0.544370825182065	0.360379270176599	0.466618448588176
chr14	89445441	89445514	+	tRNA-Ala-AGC-15-1	0.478812833729789	0.730623874291904	0.57603563111427	0.389664952939235	0.544370825182065	0.341411940167305	0.233309224294088
chr6	58196622	58196695	-	tRNA-Ala-AGC-16-1	0.390143790446495	0.326448965109149	0.458875841735097	0.479587634386751	0.391266530599609	0.303477280148715	0.287149814515801
chr6	28806220	28806292	-	tRNA-Ala-AGC-2-1	0.0532014259699765	0.124361510517771	0.0878698420343802	0.029974227149172	0.136092706295516	0.303477280148715	0.574299629031602
chr6	28831461	28831533	-	tRNA-Ala-AGC-2-2	0.124136660596612	0.217632643406099	0.136686420942369	0.0749355678729299	0.0170115882869395	0.303477280148715	0.448671585180939
chr6	28574932	28575004	+	tRNA-Ala-AGC-3-1	0.372409981789836	0.295358587479706	0.253846210321543	0.104909795022102	0.170115882869395	0.208640630102242	0.197415497479613
chr6	28626013	28626085	-	tRNA-Ala-AGC-4-1	0.230539512536565	0.419720097997477	0.234319578758347	0.194832476469618	0.221150647730214	0.0948366500464736	0.0358937268144751
chr6	28678365	28678437	+	tRNA-Ala-AGC-5-1	0.106402851939953	0.0777259440736068	0.048816578907989	0.164858249320446	0.119081118008577	0.0758693200371788	0.179468634072376
chr6	28779848	28779920	-	tRNA-Ala-AGC-6-1	0.0354676173133177	0.0466355664441641	0.0097633157815978	0.029974227149172	0.0170115882869395	0	0.0358937268144751
chr6	28687480	28687552	+	tRNA-Ala-AGC-7-1	0.141870469253271	0.155451888147214	0.195266315631956	0.14987113574586	0.170115882869395	0.113803980055768	0.0897343170361878
chr2	27274081	27274154	+	tRNA-Ala-AGC-8-1	0.673884728953036	0.870530573624396	0.75177531518303	0.329716498640892	0.255173824304093	3.83140066187753	4.21751290070083
chr8	67026423	67026496	+	tRNA-Ala-AGC-8-2	0.390143790446495	0.606262363774133	0.517455736424683	0.22480670361879	0.289197000877972	7.39725870362494	6.98132986541541
chr6	26730736	26730809	+	tRNA-Ala-AGC-9-1	0.709352346266354	0.699533496662461	0.517455736424683	0.344703612215478	0.578394001755944	0.341411940167305	0.394830994959226
chr6	26771289	26771362	-	tRNA-Ala-AGC-9-2	0.638417111639718	0.699533496662461	0.449112525953499	0.419639180088407	0.459312883747367	0.284509950139421	0.376884131551989
chr6	26553730	26553802	+	tRNA-Ala-CGC-1-1	0.798021389549648	0.668443119033019	0.702958736275041	0.329716498640892	0.459312883747367	0.720758540353199	0.915290033769115
chr6	28641612	28641684	-	tRNA-Ala-CGC-2-1	0.3014747471632	0.264268209850263	0.214792947195152	0.254780930767962	0.238162236017153	0.0948366500464736	0.161521770665138
chr2	157257280	157257352	+	tRNA-Ala-CGC-3-1	0.815755198206307	1.25916029399243	0.97633157815978	0.269768044342548	0.323220177451851	4.05900862198907	5.27637784172784
chr6	28697091	28697163	+	tRNA-Ala-CGC-4-1	0.0886690432832942	0.124361510517771	0.0683432104711846	0.0899226814475159	0.0680463531477581	0.0379346600185894	0.0897343170361878
chr6	28757546	28757618	-	tRNA-Ala-TGC-1-1	0.0709352346266354	0.0621807552588855	0.097633157815978	0.029974227149172	0.102069529721637	0.0569019900278841	0.0358937268144751
chr6	28611221	28611293	+	tRNA-Ala-TGC-2-1	0.266007129849883	0.155451888147214	0.244082894539945	0.14987113574586	0.187127471156335	0.0758693200371788	0.107681180443425
chr5	180633867	180633939	+	tRNA-Ala-TGC-3-1	0.709352346266354	0.699533496662461	0.800591894091019	0.509561861535923	0.408278118886549	2.61749154128267	2.58434833064221
chr12	125406300	125406372	-	tRNA-Ala-TGC-3-2	0.798021389549648	0.901620951253839	0.771301946746226	0.22480670361879	0.35724335402573	0.360379270176599	0.574299629031602
chr12	125424511	125424583	+	tRNA-Ala-TGC-4-1	0.993093284772895	1.24361510517771	1.24970442004452	0.404652066513821	0.35724335402573	2.21917761108748	3.58937268144751
chr6	28785011	28785083	-	tRNA-Ala-TGC-5-1	0.0354676173133177	0.0932711328883282	0.097633157815978	0.0449613407237579	0.102069529721637	0.0189673300092947	0.0538405902217127
chr6	28726140	28726212	-	tRNA-Ala-TGC-6-1	0.0177338086566588	0.139906699332492	0.0878698420343802	0.0449613407237579	0.0510347648608186	0.0379346600185894	0.0717874536289502
chr6	28770576	28770647	-	tRNA-Ala-TGC-7-1	0.0709352346266354	0.139906699332492	0.136686420942369	0.014987113574586	0.0850579414346976	0.0948366500464736	0.107681180443425
chr6	26328367	26328440	+	tRNA-Arg-ACG-1-1	0.76255377223633	0.886075762439118	0.937278315033389	0.29974227149172	0.35724335402573	0.32244461015801	0.412777858366464
chr6	26537725	26537798	+	tRNA-Arg-ACG-1-2	0.957625667459578	1.18143434991882	1.12278131488375	0.524548975110509	0.595405590042883	1.7829290208737	3.58937268144751
chr14	23398909	23398982	+	tRNA-Arg-ACG-1-3	0.957625667459578	1.18143434991882	1.17159789379174	0.674420110856369	0.663451943190641	3.11064212152433	4.9712811638048
chr3	45730490	45730563	-	tRNA-Arg-ACG-2-1	0.514280451043106	0.575171986144691	0.468639157516694	0.209819590044204	0.204139059443274	2.27607960111537	3.5355320912258
chr6	27181622	27181695	-	tRNA-Arg-ACG-2-2	0.638417111639718	0.808349818365511	0.702958736275041	0.509561861535923	0.476324472034307	0.531085240260252	0.412777858366464
chr6	27182951	27183024	+	tRNA-Arg-ACG-2-3	0.549748068356424	0.606262363774133	0.556508999551074	0.359690725790064	0.425289707173488	1.46048441071569	0.502512175402652
chr6	27638343	27638416	-	tRNA-Arg-ACG-2-4	0.532014259699765	0.823895007180232	0.898225051906997	0.209819590044204	0.289197000877972	0.569019900278841	0.538405902217127
chr6	28710728	28710801	-	tRNA-Arg-CCG-1-1	0.0532014259699765	0.202087454591378	0.263609526103141	0.104909795022102	0.0510347648608186	0.0189673300092947	0.0358937268144751
chr6	28849164	28849237	+	tRNA-Arg-CCG-1-2	0.0886690432832942	0.0621807552588855	0.146449736723967	0.104909795022102	0.0850579414346976	0.0758693200371788	0.125628043850663
chr16	3200674	3200747	+	tRNA-Arg-CCG-1-3	0.727086154923013	0.512991230885805	0.605325578459064	0.344703612215478	0.408278118886549	3.56585804174741	6.44292396319828
chr17	66016012	66016085	-	tRNA-Arg-CCG-2-1	1.15269756268282	1.50788331502797	1.55236720927405	0.704394338005541	0.476324472034307	3.01580547147786	6.29934905594038
chr17	73030000	73030073	+	tRNA-Arg-CCT-1-1	0.567481877013083	0.544081608515248	0.517455736424683	0.314729385066306	0.35724335402573	1.89673300092947	2.63818892086392
chr17	73030525	73030598	-	tRNA-Arg-CCT-2-1	0.478812833729789	0.497446042071084	0.57603563111427	0.269768044342548	0.34023176573879	7.09378142347622	9.65541251309381
chr16	3202900	3202973	+	tRNA-Arg-CCT-3-1	1.36550326656273	1.13479878347466	1.01538484128617	0.464600520812165	0.442301295460428	0.68282388033461	0.897343170361878
chr7	139025445	139025518	+	tRNA-Arg-CCT-4-1	1.08176232805619	1.13479878347466	1.3180476305157	0.494574747961337	0.255173824304093	6.54372885320667	9.60157192287209
chr16	3243917	3243990	+	tRNA-Arg-CCT-5-1	0.567481877013083	0.23317783222082	0.322189420792727	0.419639180088407	0.238162236017153	0.170705970083652	0.484565311995414
chr15	89878303	89878376	+	tRNA-Arg-TCG-1-1	1.08176232805619	1.10370840584522	1.13254463066534	0.269768044342548	0.306208589164911	5.25395041257463	5.88657119757392
chr6	26323045	26323118	+	tRNA-Arg-TCG-2-1	0.886690432832942	1.15034397228938	1.08372805175736	0.374677839364649	0.289197000877972	1.00526849049262	1.32806789213558
chr17	73031207	73031280	+	tRNA-Arg-TCG-3-1	1.2058989886528	1.80324190250768	1.80621341959559	0.329716498640892	0.391266530599609	7.01791210343904	11.0014272686366
chr6	26299904	26299977	+	tRNA-Arg-TCG-4-1	0.407877599103153	0.248723021035542	0.302662789229532	0.434626293662993	0.408278118886549	0.246575290120831	0.502512175402652
chr6	28510890	28510963	-	tRNA-Arg-TCG-5-1	0.407877599103153	0.264268209850263	0.429585894390303	0.284755157917134	0.153104294582456	0.379346600185894	0.340990404737514
chr9	112960802	112960875	+	tRNA-Arg-TCG-6-1	0.319208555819859	0.217632643406099	0.205029631413554	0.239793817193376	0.323220177451851	0.227607960111537	0.430724721773701
chr1	94313128	94313213	+	tRNA-Arg-TCT-1-1	0.407877599103153	0.279813398664985	0.40029594704551	0.14987113574586	0.272185412591032	7.8904092838666	10.3553401859761
chr17	8024242	8024330	+	tRNA-Arg-TCT-2-1	0.372409981789836	0.481900853256362	0.361242683919119	0.359690725790064	0.35724335402573	0.891464510436851	0.771715126511215
chr9	131102354	131102445	-	tRNA-Arg-TCT-3-1	0.76255377223633	0.730623874291904	0.771301946746226	0.254780930767962	0.289197000877972	2.65542620130126	4.36108780795873
chr11	59318766	59318852	+	tRNA-Arg-TCT-3-2	0.425611407759812	0.404174909182756	0.439349210171901	0.179845362895032	0.221150647730214	0.455215920223073	0.681980809475027
chr1	159111400	159111474	-	tRNA-Arg-TCT-4-1	0.3014747471632	0.186542265776656	0.292899473447934	0.284755157917134	0.408278118886549	0.284509950139421	0.179468634072376
chr6	27529962	27530049	+	tRNA-Arg-TCT-5-1	0.266007129849883	0.326448965109149	0.380769315482314	0.449613407237579	0.476324472034307	0.341411940167305	0.323043541330276
chr1	143879831	143879905	-	tRNA-Asn-GTT-10-1	0.744819963579671	1.25916029399243	1.02514815706777	0.599484542983439	0.612417178329823	0.606954560297431	0.610193355846077
chr1	161510030	161510104	+	tRNA-Asn-GTT-1-1	0.727086154923013	0.808349818365511	0.849408472999008	0.524548975110509	0.391266530599609	0.493150580241662	0.681980809475027
chr1	144301610	144301684	+	tRNA-Asn-GTT-11-1	0.407877599103153	0.45081047562692	0.497929104861488	0.344703612215478	0.408278118886549	1.55532106076217	1.16654612147044
chr1	149615616	149615690	-	tRNA-Asn-GTT-11-2	0.425611407759812	0.388629720368034	0.341716052355923	0.329716498640892	0.459312883747367	1.65015771080864	1.56137711642967
chr1	149326271	149326345	-	tRNA-Asn-GTT-12-1	0.939891858802919	0.994892084142167	0.966568262378182	0.449613407237579	0.306208589164911	0.360379270176599	0.323043541330276
chr1	148248114	148248188	+	tRNA-Asn-GTT-2-1	1.57830897044264	2.22296200050516	1.89408326162997	0.929201041624331	1.00368370892943	11.1907247054839	11.7551955317406
chr1	161397866	161397940	-	tRNA-Asn-GTT-2-2	1.507373735816	1.30579586043659	1.21065115691813	0.419639180088407	0.527359236895125	0.265542620130126	0.592246492438839
chr10	22518437	22518511	-	tRNA-Asn-GTT-2-3	0.673884728953036	0.823895007180232	0.683432104711846	0.239793817193376	0.306208589164911	1.85879834091088	3.71500072529817
chr13	31248100	31248174	-	tRNA-Asn-GTT-2-4	0.602949494326401	0.637352741403576	0.57603563111427	0.509561861535923	0.442301295460428	0.891464510436851	1.25628043850663
chr17	36908033	36908107	-	tRNA-Asn-GTT-2-5	0.372409981789836	0.512991230885805	0.40029594704551	0.179845362895032	0.204139059443274	2.38988358117113	3.9662568129995
chr19	1383561	1383635	+	tRNA-Asn-GTT-2-6	0.319208555819859	0.559626797329969	0.380769315482314	0.179845362895032	0.136092706295516	2.10537363103171	3.35606345715342
chr1	148598313	148598387	-	tRNA-Asn-GTT-3-1	1.73791324835257	2.05196492354322	1.90384657741157	0.854265473751401	1.03770688550331	9.97681558488902	12.2756545705505
chr1	17216171	17216245	+	tRNA-Asn-GTT-4-1	0.390143790446495	0.404174909182756	0.283136157666336	0.389664952939235	0.255173824304093	0.891464510436851	0.412777858366464
chr1	16847079	16847153	-	tRNA-Asn-GTT-5-1	0.336942364476518	0.310903776294427	0.273372841884738	0.284755157917134	0.34023176573879	0.265542620130126	0.197415497479613
chr1	149230569	149230643	-	tRNA-Asn-GTT-6-1	0.0532014259699765	0.10881632170305	0.136686420942369	0.0749355678729299	0.153104294582456	0.0379346600185894	0.0897343170361878
chr1	148000804	148000878	+	tRNA-Asn-GTT-7-1	1.77338086566588	2.06751011235794	1.98195310366435	1.09405929094478	1.24184594494659	8.74393913428486	9.85282801057342
chr1	149711797	149711871	-	tRNA-Asn-GTT-8-1	1.63151039641261	1.77215152487824	1.50355063036606	0.599484542983439	0.867591002633916	1.11907247054839	1.52548338961519
chr1	145979033	145979107	-	tRNA-Asn-GTT-9-1	0.478812833729789	0.544081608515248	0.439349210171901	0.734368565154713	0.748509884625339	0.625921890306725	0.556352765624364
chr1	147520766	147520840	-	tRNA-Asn-GTT-9-2	0.673884728953036	0.512991230885805	0.468639157516694	0.644445883707197	0.527359236895125	0.550052570269547	0.610193355846077
chr12	98897280	98897352	+	tRNA-Asp-GTC-1-1	0.939891858802919	1.01043727295689	0.956804946596584	0.404652066513821	0.442301295460428	4.59009386224932	6.71212691430685
chr1	161410614	161410686	-	tRNA-Asp-GTC-2-1	0.851222815519624	0.621807552588855	0.742011999401433	0.659432997281783	0.782533061199218	2.99683814146856	2.69202951108563
chr12	125424192	125424264	-	tRNA-Asp-GTC-2-10	1.04629471074287	1.36797661569548	1.38639084098689	0.359690725790064	0.35724335402573	2.90200149142209	4.16367231047911
chr17	8125555	8125627	-	tRNA-Asp-GTC-2-11	0.656150920296377	0.466355664441641	0.380769315482314	0.284755157917134	0.35724335402573	5.23498308256534	5.49174020261469
chr1	161418032	161418104	-	tRNA-Asp-GTC-2-2	1.13496375402617	1.15034397228938	1.06420142019416	1.19896908596688	1.20782276837271	3.96417197194259	2.99712618900867
chr1	161425413	161425485	-	tRNA-Asp-GTC-2-3	1.08176232805619	0.917166140068561	1.30828431473411	1.33385310813815	1.48000818096374	4.26764925209131	2.79971069152906
chr1	161432823	161432895	-	tRNA-Asp-GTC-2-4	1.31230184059275	1.04152765058633	1.23017778848132	1.28889176741439	1.03770688550331	4.00210663196118	2.85355128175077
chr1	161440204	161440276	-	tRNA-Asp-GTC-2-5	0.993093284772895	0.777259440736068	1.11301799910215	1.34884022171274	1.48000818096374	3.85036799188683	2.6740826476784
chr6	27447452	27447524	+	tRNA-Asp-GTC-2-6	1.13496375402617	1.57006407028686	1.44497073567647	0.569510315834267	0.391266530599609	1.28977844063204	0.80760885332569
chr6	27471522	27471594	+	tRNA-Asp-GTC-2-7	0.673884728953036	0.808349818365511	0.820118525654215	0.479587634386751	0.425289707173488	0.455215920223073	0.610193355846077
chr12	96429798	96429870	+	tRNA-Asp-GTC-2-8	1.22363279730946	1.10370840584522	1.28875768317091	0.464600520812165	0.391266530599609	1.61222305079005	2.62024205745668
chr12	125411890	125411962	-	tRNA-Asp-GTC-2-9	0.567481877013083	0.761714251921347	0.761538630964628	0.164858249320446	0.493336060321246	1.17597446057627	2.04594242842508
chr6	27551235	27551307	-	tRNA-Asp-GTC-3-1	0.602949494326401	0.637352741403576	0.673668788930248	0.434626293662993	0.272185412591032	0.303477280148715	0.269202951108563
chr7	149074600	149074672	-	tRNA-Cys-GCA-10-1	0.443345216416471	0.326448965109149	0.302662789229532	0.464600520812165	0.35724335402573	0.170705970083652	0.394830994959226
chr7	149007280	149007352	+	tRNA-Cys-GCA-1-1	0.585215685669742	0.886075762439118	0.585798946895868	0.494574747961337	0.35724335402573	0.303477280148715	0.251256087701326
chr7	149112228	149112300	-	tRNA-Cys-GCA-11-1	0.372409981789836	0.357539342738591	0.31242610501113	0.284755157917134	0.425289707173488	0.379346600185894	0.376884131551989
chr7	149344045	149344117	-	tRNA-Cys-GCA-12-1	0.319208555819859	0.202087454591378	0.273372841884738	0.404652066513821	0.289197000877972	0.303477280148715	0.376884131551989
chr7	149052765	149052837	-	tRNA-Cys-GCA-13-1	0.443345216416471	0.248723021035542	0.390532631263912	0.314729385066306	0.476324472034307	0.265542620130126	0.269202951108563
chr17	37017936	37018008	-	tRNA-Cys-GCA-14-1	0.283740938506541	0.295358587479706	0.214792947195152	0.404652066513821	0.204139059443274	0.246575290120831	0.215362360886851
chr7	149281815	149281887	+	tRNA-Cys-GCA-15-1	0.390143790446495	0.264268209850263	0.273372841884738	0.539536088685095	0.408278118886549	0.227607960111537	0.269202951108563
chr7	149243630	149243702	+	tRNA-Cys-GCA-16-1	0.248273321193224	0.279813398664985	0.253846210321543	0.449613407237579	0.289197000877972	0.32244461015801	0.233309224294088
chr7	149388271	149388343	-	tRNA-Cys-GCA-17-1	0.833489006862966	1.02598246177161	0.790828578309422	0.479587634386751	0.391266530599609	0.587987230288136	1.11270553124873
chr7	149072849	149072921	-	tRNA-Cys-GCA-18-1	0.567481877013083	0.357539342738591	0.224556262976749	0.464600520812165	0.459312883747367	0.246575290120831	0.484565311995414
chr7	149310155	149310227	-	tRNA-Cys-GCA-19-1	0.266007129849883	0.248723021035542	0.244082894539945	0.479587634386751	0.323220177451851	0.360379270176599	0.484565311995414
chr7	149295045	149295117	+	tRNA-Cys-GCA-20-1	0.478812833729789	0.264268209850263	0.458875841735097	0.374677839364649	0.306208589164911	0.341411940167305	0.305096677923038
chr4	124430004	124430076	-	tRNA-Cys-GCA-2-1	0.3014747471632	0.279813398664985	0.214792947195152	0.419639180088407	0.255173824304093	0.170705970083652	0.161521770665138
chr7	149361914	149361986	+	tRNA-Cys-GCA-21-1	0.425611407759812	0.373084531553313	0.371005999700716	0.419639180088407	0.34023176573879	0.265542620130126	0.358937268144751
chr17	37023897	37023969	+	tRNA-Cys-GCA-2-2	0.212805703879906	0.248723021035542	0.234319578758347	0.14987113574586	0.170115882869395	0.265542620130126	0.502512175402652
chr7	149253801	149253871	+	tRNA-Cys-GCA-22-1	0.283740938506541	0.202087454591378	0.478402473298292	0.464600520812165	0.510347648608186	0.208640630102242	0.305096677923038
chr17	37309986	37310058	-	tRNA-Cys-GCA-2-3	0.727086154923013	0.621807552588855	0.566272315332672	0.179845362895032	0.289197000877972	1.55532106076217	1.95620811138889
chr7	149292304	149292376	-	tRNA-Cys-GCA-23-1	0.496546642386448	0.170997076961935	0.331952736574325	0.449613407237579	0.306208589164911	0.189673300092947	0.323043541330276
chr17	37310743	37310815	-	tRNA-Cys-GCA-2-4	0.407877599103153	0.295358587479706	0.380769315482314	0.164858249320446	0.255173824304093	1.59325572078076	1.83058006753823
chr7	149286163	149286235	-	tRNA-Cys-GCA-3-1	0.283740938506541	0.279813398664985	0.341716052355923	0.359690725790064	0.595405590042883	0.189673300092947	0.233309224294088
chr17	37025544	37025616	-	tRNA-Cys-GCA-4-1	0.354676173133177	0.34199415392387	0.419822578608705	0.209819590044204	0.187127471156335	4.6469958522772	4.89949371017585
chr15	80036996	80037069	+	tRNA-Cys-GCA-5-1	0.407877599103153	0.373084531553313	0.439349210171901	0.389664952939235	0.34023176573879	0.208640630102242	0.323043541330276
chr3	131947943	131948015	-	tRNA-Cys-GCA-6-1	0.266007129849883	0.34199415392387	0.351479368137521	0.359690725790064	0.204139059443274	0.132771310065063	0.179468634072376
chr1	93981833	93981906	-	tRNA-Cys-GCA-7-1	0.283740938506541	0.186542265776656	0.17573968406876	0.179845362895032	0.289197000877972	0.208640630102242	0.251256087701326
chr14	73429678	73429750	+	tRNA-Cys-GCA-8-1	0.868956624176283	1.18143434991882	0.898225051906997	0.419639180088407	0.35724335402573	0.531085240260252	0.520459038809889
chr3	131950641	131950713	-	tRNA-Cys-GCA-9-1	0.283740938506541	0.466355664441641	0.40029594704551	0.284755157917134	0.272185412591032	0.246575290120831	0.161521770665138
chr7	149028219	149028291	+	tRNA-Cys-GCA-9-2	0.478812833729789	0.170997076961935	0.283136157666336	0.509561861535923	0.476324472034307	0.341411940167305	0.305096677923038
chr7	149332777	149332849	+	tRNA-Cys-GCA-9-3	0.390143790446495	0.34199415392387	0.302662789229532	0.419639180088407	0.374254942312669	0.32244461015801	0.287149814515801
chr7	149404759	149404831	+	tRNA-Cys-GCA-9-4	0.319208555819859	0.34199415392387	0.331952736574325	0.404652066513821	0.561382413469004	0.208640630102242	0.412777858366464
chr6	18836401	18836473	+	tRNA-Gln-CTG-1-1	0.372409981789836	0.404174909182756	0.517455736424683	0.419639180088407	0.442301295460428	0.341411940167305	0.376884131551989
chr6	27487307	27487379	+	tRNA-Gln-CTG-1-2	0.798021389549648	1.15034397228938	1.11301799910215	0.419639180088407	0.578394001755944	1.66912504081793	2.74587010130735
chr6	28909377	28909449	-	tRNA-Gln-CTG-1-3	0.177338086566588	0.202087454591378	0.214792947195152	0.029974227149172	0.0680463531477581	0.227607960111537	0.161521770665138
chr15	66161399	66161471	-	tRNA-Gln-CTG-1-4	0.673884728953036	0.668443119033019	0.947041630814986	0.449613407237579	0.612417178329823	6.61959817324385	7.60947008466872
chr17	8023069	8023141	+	tRNA-Gln-CTG-1-5	1.31230184059275	1.66333520317519	1.35710089364209	0.22480670361879	0.306208589164911	0.360379270176599	0.610193355846077
chr6	27515530	27515602	-	tRNA-Gln-CTG-2-1	0.514280451043106	0.45081047562692	0.517455736424683	0.494574747961337	0.425289707173488	1.11907247054839	1.97415497479613
chr1	145963303	145963375	+	tRNA-Gln-CTG-3-1	0.514280451043106	0.357539342738591	0.449112525953499	0.479587634386751	0.663451943190641	0.474183250232368	0.538405902217127
chr1	147505037	147505109	+	tRNA-Gln-CTG-3-2	0.567481877013083	0.404174909182756	0.40029594704551	0.674420110856369	0.595405590042883	0.550052570269547	0.484565311995414
chr1	147737381	147737453	-	tRNA-Gln-CTG-4-1	0.602949494326401	0.870530573624396	0.673668788930248	0.674420110856369	0.442301295460428	0.910431840446146	1.18449298487768
chr1	149186124	149186196	+	tRNA-Gln-CTG-4-2	0.141870469253271	0.0932711328883282	0.136686420942369	0.179845362895032	0.0680463531477581	0.170705970083652	0.0358937268144751
chr6	27263211	27263283	+	tRNA-Gln-CTG-5-1	0.691618537609695	0.699533496662461	0.75177531518303	0.389664952939235	0.493336060321246	0.606954560297431	0.287149814515801
chr6	27759134	27759206	-	tRNA-Gln-CTG-6-1	0.532014259699765	0.886075762439118	0.839645157217411	0.329716498640892	0.306208589164911	0.720758540353199	1.07681180443425
chr1	147800936	147801008	+	tRNA-Gln-CTG-7-1	0.496546642386448	0.435265286812198	0.40029594704551	0.614471656558025	0.527359236895125	0.606954560297431	0.287149814515801
chr17	47269889	47269961	+	tRNA-Gln-TTG-1-1	2.05712180417243	1.86542265776656	2.09911289304353	0.449613407237579	0.425289707173488	5.86090497287207	10.5886494102702
chr6	28557155	28557227	+	tRNA-Gln-TTG-2-1	0.283740938506541	0.357539342738591	0.361242683919119	0.14987113574586	0.221150647730214	0.246575290120831	0.125628043850663
chr6	26311423	26311495	-	tRNA-Gln-TTG-3-1	1.64924420506927	1.3835218045102	1.3473375778605	0.344703612215478	0.391266530599609	0.379346600185894	0.412777858366464
chr6	26311974	26312046	-	tRNA-Gln-TTG-3-2	3.79503505252499	2.23850718931988	2.32366915602028	0.29974227149172	0.510347648608186	0.493150580241662	0.80760885332569
chr6	27763639	27763711	-	tRNA-Gln-TTG-3-3	0.92215805014626	1.22806991636299	0.917751683470193	0.359690725790064	0.493336060321246	0.246575290120831	0.340990404737514
chr6	145503858	145503930	+	tRNA-Gln-TTG-4-1	0.3014747471632	0.217632643406099	0.185502999850358	0.359690725790064	0.204139059443274	0.132771310065063	0.251256087701326
chr1	145399232	145399304	-	tRNA-Glu-CTC-1-1	1.41870469253271	1.46124774858381	1.62071041974523	0.674420110856369	0.748509884625339	1.23287645060416	1.435749072579
chr1	161417017	161417089	-	tRNA-Glu-CTC-1-2	2.8019417677521	2.65822728731735	2.645858576813	1.7085309475028	1.58207771068538	2.95890348144997	2.44077342338431
chr1	161424397	161424469	-	tRNA-Glu-CTC-1-3	2.83740938506541	2.56495615442903	2.77278168197377	1.72351806107739	1.5480545341115	3.47102139170093	3.24838227671
chr1	161431808	161431880	-	tRNA-Glu-CTC-1-4	2.57140225521553	2.40950426628181	2.85088820822656	1.54367269818236	1.32690388638128	3.03477280148715	2.49461401360602
chr1	161439188	161439260	-	tRNA-Glu-CTC-1-5	2.85514319372207	2.79813398664985	2.78254499775537	1.69354383392822	1.58207771068538	3.07270746150574	2.83560441834353
chr6	28949975	28950047	+	tRNA-Glu-CTC-1-6	0.390143790446495	0.388629720368034	0.253846210321543	0.0899226814475159	0.0510347648608186	0.132771310065063	0.1435749072579
chr6	126101392	126101464	-	tRNA-Glu-CTC-1-7	0.744819963579671	0.68398830784774	0.693195420493444	0.284755157917134	0.238162236017153	0.512117910250957	2.45872028679155
chr1	249168446	249168518	+	tRNA-Glu-CTC-2-1	0.727086154923013	0.777259440736068	0.761538630964628	0.22480670361879	0.323220177451851	0.531085240260252	0.574299629031602
chr2	131094700	131094772	-	tRNA-Glu-TTC-1-1	0.549748068356424	0.606262363774133	0.556508999551074	0.29974227149172	0.306208589164911	0.531085240260252	0.73582139969674
chr13	41634873	41634945	-	tRNA-Glu-TTC-1-2	1.17043137133948	1.10370840584522	1.25946773582612	0.404652066513821	0.374254942312669	22.8745999912094	21.6439172691285
chr13	45492061	45492133	-	tRNA-Glu-TTC-2-1	1.24136660596612	1.58560925910158	1.46449736723967	0.524548975110509	0.476324472034307	5.57639502273264	5.45584647580022
chr15	26327380	26327452	-	tRNA-Glu-TTC-2-2	1.01082709342955	1.3835218045102	1.72810689334281	0.179845362895032	0.204139059443274	1.89673300092947	2.27925165271917
chr1	17199077	17199149	+	tRNA-Glu-TTC-3-1	0.851222815519624	0.994892084142167	0.907988367688595	0.674420110856369	0.646440354903702	1.47945174072499	0.843502580140165
chr1	16861773	16861845	-	tRNA-Glu-TTC-4-1	1.01082709342955	1.33688623806604	0.97633157815978	0.599484542983439	0.816556237773097	2.02950431099453	1.16654612147044
chr1	161391882	161391954	-	tRNA-Glu-TTC-4-2	1.17043137133948	1.13479878347466	1.02514815706777	0.404652066513821	0.442301295460428	0.512117910250957	0.73582139969674
chr1	16872433	16872504	-	tRNA-Gly-CCC-1-1	0.585215685669742	1.91205822421073	1.3180476305157	0.464600520812165	0.544370825182065	5.50052570269547	0.287149814515801
chr1	17188415	17188486	+	tRNA-Gly-CCC-1-2	0.638417111639718	1.18143434991882	0.995858209722975	0.434626293662993	0.238162236017153	4.40042056215637	0.287149814515801
chr2	70476122	70476193	-	tRNA-Gly-CCC-2-1	1.82658229163586	1.97423897946961	1.89408326162997	0.239793817193376	0.289197000877972	3.56585804174741	4.80975939313967
chr16	686735	686806	-	tRNA-Gly-CCC-2-2	0.567481877013083	0.637352741403576	0.644378841585455	0.404652066513821	0.255173824304093	6.12644759300219	8.11198226007138
chr17	19764174	19764245	+	tRNA-Gly-CCC-3-1	0.283740938506541	0.544081608515248	0.478402473298292	0.284755157917134	0.35724335402573	0.64488922031602	0.0717874536289502
chr1	161413093	161413164	+	tRNA-Gly-GCC-1-1	1.48963992715934	1.50788331502797	1.59142047240044	1.55865981175694	1.70115882869395	1.47945174072499	1.32806789213558
chr1	161420466	161420537	+	tRNA-Gly-GCC-1-2	1.68471182238259	1.39906699332492	1.71834357756121	1.72351806107739	1.70115882869395	1.57428839077146	1.54343025302243
chr1	161427897	161427968	+	tRNA-Gly-GCC-1-3	1.31230184059275	1.22806991636299	1.44497073567647	1.76847940180115	1.36092706295516	1.63119038079935	1.63316457005862
chr1	161435257	161435328	+	tRNA-Gly-GCC-1-4	1.82658229163586	1.49233812621325	1.85502999850358	1.67855672035363	1.59908929897232	1.70705970083652	1.39985534576453
chr21	18827106	18827177	-	tRNA-Gly-GCC-1-5	0.372409981789836	0.528536419700526	0.536982367987879	0.209819590044204	0.35724335402573	0.170705970083652	0.215362360886851
chr1	161493636	161493707	-	tRNA-Gly-GCC-2-1	0.602949494326401	0.357539342738591	0.439349210171901	0.584497429408853	0.425289707173488	2.02950431099453	1.65111143346586
chr2	157257658	157257729	-	tRNA-Gly-GCC-2-2	0.92215805014626	1.13479878347466	0.995858209722975	0.239793817193376	0.306208589164911	0.96733383047403	1.86647379435271
chr6	27870685	27870756	-	tRNA-Gly-GCC-2-3	0.780287580892989	1.02598246177161	0.986094893941378	0.29974227149172	0.510347648608186	0.986301160483325	2.06388929183232
chr16	70812941	70813012	-	tRNA-Gly-GCC-2-4	0.407877599103153	0.559626797329969	0.429585894390303	0.464600520812165	0.374254942312669	0.170705970083652	0.215362360886851
chr16	70823409	70823480	+	tRNA-Gly-GCC-2-5	0.266007129849883	0.419720097997477	0.214792947195152	0.254780930767962	0.408278118886549	0.227607960111537	0.484565311995414
chr17	8029063	8029134	+	tRNA-Gly-GCC-2-6	0.336942364476518	0.326448965109149	0.439349210171901	0.239793817193376	0.289197000877972	0.474183250232368	0.66403394606779
chr16	70812113	70812184	-	tRNA-Gly-GCC-3-1	0.425611407759812	0.404174909182756	0.361242683919119	0.374677839364649	0.272185412591032	0.227607960111537	0.197415497479613
chr1	161450355	161450426	+	tRNA-Gly-GCC-4-1	0.354676173133177	0.202087454591378	0.429585894390303	0.524548975110509	0.425289707173488	0.341411940167305	0.376884131551989
chr16	70822596	70822667	+	tRNA-Gly-GCC-5-1	0.3014747471632	0.279813398664985	0.31242610501113	0.269768044342548	0.425289707173488	0.113803980055768	0.466618448588176
chr19	4724081	4724153	+	tRNA-Gly-TCC-1-1	0.283740938506541	0.404174909182756	0.371005999700716	0.29974227149172	0.306208589164911	2.90200149142209	3.55347895463304
chr1	145397863	145397935	-	tRNA-Gly-TCC-2-1	2.21672608208236	3.17121851820316	3.1047344185481	0.704394338005541	0.935637355781674	3.09167479151504	4.3969815347732
chr1	161417374	161417446	-	tRNA-Gly-TCC-2-2	2.51820082924556	2.59604653205847	2.645858576813	1.7085309475028	1.49701976925068	4.74183250232368	3.71500072529817
chr1	161424755	161424827	-	tRNA-Gly-TCC-2-3	2.73100653312546	2.51832058798486	2.81183494510017	1.64858249320446	1.70115882869395	5.3867217226397	3.78678817892712
chr1	161432165	161432237	-	tRNA-Gly-TCC-2-4	2.58913606387219	2.40950426628181	2.83136157666336	1.45375001673484	1.32690388638128	4.6659631822865	3.32016973033895
chr1	161439546	161439618	-	tRNA-Gly-TCC-2-5	2.89061081103539	2.58050134324375	2.85088820822656	1.72351806107739	1.82023994670253	4.79873449235156	4.00215053981398
chr1	161500902	161500974	+	tRNA-Gly-TCC-2-6	1.24136660596612	1.46124774858381	1.52307726192926	0.404652066513821	0.425289707173488	2.08640630102242	2.44077342338431
chr17	8124865	8124937	+	tRNA-Gly-TCC-3-1	0.496546642386448	0.746169063106626	0.722485367838237	0.239793817193376	0.374254942312669	6.94204278340186	7.19669222630226
chr1	161409960	161410032	-	tRNA-Gly-TCC-4-1	0.602949494326401	0.528536419700526	0.693195420493444	0.389664952939235	0.561382413469004	2.25711227110607	2.35103910634812
chr1	145396880	145396952	-	tRNA-His-GTG-1-1	1.52510754447266	1.30579586043659	1.36686420942369	0.584497429408853	0.629428766616762	6.54372885320667	8.52476011843784
chr1	146544772	146544844	+	tRNA-His-GTG-1-2	0.62068330298306	0.357539342738591	0.634615525803857	0.719381451580127	0.595405590042883	0.64488922031602	0.717874536289502
chr1	147753470	147753542	+	tRNA-His-GTG-1-3	0.532014259699765	0.621807552588855	0.605325578459064	0.704394338005541	0.765521472912279	0.758693200371788	0.520459038809889
chr1	147774844	147774916	-	tRNA-His-GTG-1-4	0.656150920296377	0.388629720368034	0.527219052206281	0.764342792303885	0.646440354903702	0.436248590213778	0.592246492438839
chr6	27125905	27125977	+	tRNA-His-GTG-1-5	1.73791324835257	1.77215152487824	1.61094710396364	0.419639180088407	0.323220177451851	1.15700713056698	0.87939630695464
chr9	14433937	14434009	-	tRNA-His-GTG-1-6	0.319208555819859	0.528536419700526	0.449112525953499	0.254780930767962	0.272185412591032	0.246575290120831	0.233309224294088
chr15	45490803	45490875	-	tRNA-His-GTG-1-7	0.656150920296377	0.621807552588855	0.624852210022259	0.194832476469618	0.34023176573879	1.02423582050191	1.52548338961519
chr15	45492610	45492682	-	tRNA-His-GTG-1-8	1.34776945790607	1.47679293739853	1.24970442004452	0.374677839364649	0.34023176573879	3.31928275162657	3.51758522781856
chr15	45493348	45493420	+	tRNA-His-GTG-1-9	0.993093284772895	0.606262363774133	0.693195420493444	0.329716498640892	0.204139059443274	2.97787081145927	3.05096677923038
chr1	149155827	149155899	-	tRNA-His-GTG-2-1	0.0532014259699765	0.0621807552588855	0.126923105160771	0.164858249320446	0.102069529721637	0.0758693200371788	0.0897343170361878
chr6	58149253	58149327	+	tRNA-Ile-AAT-1-1	0.3014747471632	0.373084531553313	0.322189420792727	0.404652066513821	0.476324472034307	0.265542620130126	0.269202951108563
chr6	27655966	27656040	+	tRNA-Ile-AAT-2-1	0.92215805014626	0.839440195994954	0.644378841585455	0.269768044342548	0.238162236017153	1.28977844063204	1.0050243508053
chr6	27242989	27243063	-	tRNA-Ile-AAT-3-1	0.425611407759812	0.357539342738591	0.371005999700716	0.539536088685095	0.374254942312669	0.265542620130126	0.233309224294088
chr17	8130308	8130382	-	tRNA-Ile-AAT-4-1	0.656150920296377	0.637352741403576	0.546745683769477	0.314729385066306	0.323220177451851	1.10010514053909	2.45872028679155
chr6	26554349	26554423	+	tRNA-Ile-AAT-5-1	0.92215805014626	0.979346895327446	0.654142157367053	0.479587634386751	0.408278118886549	0.606954560297431	0.933236897176353
chr6	27144993	27145067	-	tRNA-Ile-AAT-5-2	0.780287580892989	0.606262363774133	0.800591894091019	0.569510315834267	0.374254942312669	4.11591061201695	4.3969815347732
chr6	27205349	27205423	-	tRNA-Ile-AAT-5-3	1.18816517999614	1.19697953873355	0.800591894091019	0.464600520812165	0.476324472034307	2.29504693112466	0.538405902217127
chr14	102783428	102783502	+	tRNA-Ile-AAT-5-4	0.815755198206307	1.01043727295689	1.24970442004452	0.449613407237579	0.493336060321246	3.60379270176599	8.29145089414375
chr17	8090910	8090984	+	tRNA-Ile-AAT-5-5	1.2945680319361	1.3835218045102	1.29852099895251	0.314729385066306	0.34023176573879	1.49841907073428	1.95620811138889
chr6	26745254	26745328	-	tRNA-Ile-AAT-6-1	0.319208555819859	0.202087454591378	0.351479368137521	0.284755157917134	0.35724335402573	0.246575290120831	0.305096677923038
chr6	26721220	26721294	-	tRNA-Ile-AAT-7-1	0.549748068356424	0.202087454591378	0.429585894390303	0.284755157917134	0.459312883747367	0.265542620130126	0.323043541330276
chr6	26780831	26780905	+	tRNA-Ile-AAT-7-2	0.407877599103153	0.217632643406099	0.361242683919119	0.509561861535923	0.374254942312669	0.341411940167305	0.233309224294088
chr6	27636361	27636435	+	tRNA-Ile-AAT-8-1	1.15269756268282	1.02598246177161	1.3180476305157	0.524548975110509	0.459312883747367	0.777660530381083	0.574299629031602
chr6	27241738	27241812	+	tRNA-Ile-AAT-9-1	0.354676173133177	0.310903776294427	0.302662789229532	0.569510315834267	0.442301295460428	0.284509950139421	0.197415497479613
chrX	3756417	3756491	-	tRNA-Ile-GAT-1-1	0.0709352346266354	0.0621807552588855	0.0195266315631956	0.0599484542983439	0.119081118008577	0.0569019900278841	0.0717874536289502
chrX	3794841	3794915	-	tRNA-Ile-GAT-1-2	0.0709352346266354	0.0466355664441641	0.0390532631263912	0.0599484542983439	0.0510347648608186	0.0569019900278841	0.0358937268144751
chrX	3833270	3833344	-	tRNA-Ile-GAT-1-3	0.0532014259699765	0.0310903776294427	0.0585798946895868	0.0599484542983439	0.0680463531477581	0.0379346600185894	0.0179468634072376
chr19	39902807	39902900	-	tRNA-Ile-TAT-1-1	0.727086154923013	1.01043727295689	0.898225051906997	0.314729385066306	0.272185412591032	5.44362371266758	6.22756160231143
chr2	43037675	43037768	+	tRNA-Ile-TAT-2-1	0.514280451043106	0.481900853256362	0.507692420643086	0.269768044342548	0.255173824304093	9.08535107445217	8.72217561591745
chr6	26988124	26988218	+	tRNA-Ile-TAT-2-2	1.11722994536951	1.46124774858381	1.42544410411328	0.419639180088407	0.493336060321246	5.65226434276982	6.51471141682723
chr6	27599199	27599293	+	tRNA-Ile-TAT-2-3	0.532014259699765	0.419720097997477	0.507692420643086	0.284755157917134	0.510347648608186	0.455215920223073	0.699927672882265
chr6	28505366	28505460	+	tRNA-Ile-TAT-3-1	0.266007129849883	0.23317783222082	0.195266315631956	0.254780930767962	0.136092706295516	0.113803980055768	0.215362360886851
chr1	153643725	153643797	+	tRNA-iMet-CAT-1-1	0.975359476116236	1.19697953873355	1.41568078833168	0.449613407237579	0.510347648608186	2.97787081145927	4.66618448588176
chr6	26286753	26286825	+	tRNA-iMet-CAT-1-2	0.656150920296377	0.730623874291904	0.732248683619835	0.29974227149172	0.272185412591032	4.83666915237015	7.95046048940624
chr6	26313351	26313423	-	tRNA-iMet-CAT-1-3	1.09949613671285	1.3835218045102	1.22041447269972	0.434626293662993	0.408278118886549	0.910431840446146	1.02297121421254
chr6	26330528	26330600	-	tRNA-iMet-CAT-1-4	0.851222815519624	1.24361510517771	1.16183457801014	0.374677839364649	0.323220177451851	0.227607960111537	0.376884131551989
chr6	27300763	27300835	-	tRNA-iMet-CAT-1-5	0.638417111639718	1.07261802821577	0.986094893941378	0.374677839364649	0.510347648608186	0.265542620130126	0.323043541330276
chr6	27560599	27560671	-	tRNA-iMet-CAT-1-6	0.833489006862966	1.25916029399243	1.21065115691813	0.359690725790064	0.408278118886549	0.493150580241662	0.323043541330276
chr6	27870270	27870342	-	tRNA-iMet-CAT-1-7	0.709352346266354	0.901620951253839	0.781065262527824	0.284755157917134	0.289197000877972	0.625921890306725	1.0050243508053
chr17	80452596	80452668	-	tRNA-iMet-CAT-1-8	0.691618537609695	0.79280462955079	0.771301946746226	0.389664952939235	0.476324472034307	0.796627860390378	1.2921741653211
chr6	27745663	27745735	+	tRNA-iMet-CAT-2-1	0.46107902507313	0.419720097997477	0.468639157516694	0.269768044342548	0.408278118886549	0.208640630102242	0.233309224294088
chr5	180524473	180524555	-	tRNA-Leu-AAG-1-1	0.76255377223633	0.963801706512725	0.986094893941378	0.554523202259681	0.765521472912279	0.265542620130126	0.448671585180939
chr5	180528839	180528921	+	tRNA-Leu-AAG-1-2	0.815755198206307	0.777259440736068	0.947041630814986	0.509561861535923	0.510347648608186	0.246575290120831	0.628140219253314
chr5	180601043	180601125	-	tRNA-Leu-AAG-1-3	0.691618537609695	0.901620951253839	0.927514999251791	0.524548975110509	0.510347648608186	0.436248590213778	0.592246492438839
chr5	180614700	180614782	+	tRNA-Leu-AAG-2-1	2.85514319372207	1.94314860184017	2.08934957726193	0.539536088685095	0.306208589164911	0.986301160483325	2.26130478931193
chr6	28911398	28911480	-	tRNA-Leu-AAG-2-2	0.248273321193224	0.124361510517771	0.185502999850358	0.104909795022102	0.119081118008577	0.151738640074358	0.215362360886851
chr14	21078290	21078372	+	tRNA-Leu-AAG-2-3	0.372409981789836	0.590717174959412	0.605325578459064	0.389664952939235	0.35724335402573	0.853529850418262	0.646087082660552
chr16	22308460	22308542	+	tRNA-Leu-AAG-2-4	0.76255377223633	0.544081608515248	0.742011999401433	0.194832476469618	0.544370825182065	5.0263424524631	4.30724721773701
chr6	28956778	28956860	+	tRNA-Leu-AAG-3-1	0.141870469253271	0.10881632170305	0.048816578907989	0.029974227149172	0.102069529721637	0.0379346600185894	0.0717874536289502
chr6	28446399	28446481	-	tRNA-Leu-AAG-4-1	0.532014259699765	0.264268209850263	0.556508999551074	0.569510315834267	0.544370825182065	0.341411940167305	0.376884131551989
chr6	28863999	28864105	-	tRNA-Leu-CAA-1-1	0.248273321193224	0.248723021035542	0.253846210321543	0.134884022171274	0.238162236017153	2.18124295106889	2.70997637449287
chr6	28908829	28908934	+	tRNA-Leu-CAA-1-2	0.124136660596612	0.202087454591378	0.234319578758347	0.0749355678729299	0.0680463531477581	0.417281260204484	0.412777858366464
chr6	27573416	27573524	-	tRNA-Leu-CAA-2-1	0.798021389549648	0.481900853256362	0.556508999551074	0.389664952939235	0.493336060321246	0.341411940167305	0.717874536289502
chr6	27570347	27570454	-	tRNA-Leu-CAA-3-1	0.585215685669742	0.23317783222082	0.224556262976749	0.389664952939235	0.544370825182065	0.227607960111537	0.376884131551989
chr1	249168053	249168159	+	tRNA-Leu-CAA-4-1	0.904424241489601	0.823895007180232	0.839645157217411	0.209819590044204	0.34023176573879	1.00526849049262	1.5793239798369
chr1	161581735	161581819	-	tRNA-Leu-CAA-6-1	0.868956624176283	1.35243142688076	1.48402399880287	0.539536088685095	0.35724335402573	2.93993615144068	2.24335792590469
chr1	161411322	161411405	+	tRNA-Leu-CAG-1-1	1.01082709342955	0.668443119033019	0.771301946746226	1.07907217737019	1.02069529721637	1.49841907073428	1.32806789213558
chr1	161418740	161418823	+	tRNA-Leu-CAG-1-2	1.15269756268282	1.01043727295689	1.00562152550457	1.10904640451936	1.25885753323352	1.68809237082723	1.61521770665138
chr1	161426121	161426204	+	tRNA-Leu-CAG-1-3	0.886690432832942	0.808349818365511	0.956804946596584	1.45375001673484	1.32690388638128	1.55532106076217	1.435749072579
chr1	161433531	161433614	+	tRNA-Leu-CAG-1-4	1.13496375402617	0.730623874291904	1.07396473597576	1.12403351809395	1.17379959179883	1.65015771080864	1.52548338961519
chr1	161440912	161440995	+	tRNA-Leu-CAG-1-5	0.886690432832942	0.715078685477183	0.986094893941378	1.31886599456357	1.08874165036413	1.63119038079935	1.31012102872834
chr1	161500131	161500214	-	tRNA-Leu-CAG-1-6	0.975359476116236	1.58560925910158	1.48402399880287	0.464600520812165	0.493336060321246	2.42781824118972	1.97415497479613
chr6	26521435	26521518	+	tRNA-Leu-CAG-1-7	0.673884728953036	0.715078685477183	0.742011999401433	0.404652066513821	0.391266530599609	3.18651144156151	4.21751290070083
chr16	57333862	57333945	+	tRNA-Leu-CAG-2-1	0.372409981789836	0.715078685477183	0.546745683769477	0.239793817193376	0.238162236017153	0.853529850418262	0.753768263103977
chr16	57334391	57334474	-	tRNA-Leu-CAG-2-2	0.656150920296377	1.01043727295689	0.937278315033389	0.22480670361879	0.238162236017153	0.493150580241662	0.556352765624364
chr6	144537683	144537766	+	tRNA-Leu-TAA-1-1	0.407877599103153	0.466355664441641	0.673668788930248	0.419639180088407	0.374254942312669	5.27291774258393	4.36108780795873
chr6	27688897	27688980	-	tRNA-Leu-TAA-2-1	0.425611407759812	0.544081608515248	0.371005999700716	0.329716498640892	0.442301295460428	0.379346600185894	0.251256087701326
chr11	59319227	59319310	+	tRNA-Leu-TAA-3-1	0.336942364476518	0.34199415392387	0.410059262827108	0.209819590044204	0.306208589164911	0.246575290120831	0.66403394606779
chr6	27198333	27198416	-	tRNA-Leu-TAA-4-1	1.25910041462278	1.36797661569548	1.39615415676849	0.359690725790064	0.408278118886549	0.379346600185894	0.233309224294088
chr17	8023631	8023713	-	tRNA-Leu-TAG-1-1	1.09949613671285	1.50788331502797	1.25946773582612	0.344703612215478	0.391266530599609	0.720758540353199	0.789661989918452
chr14	21093528	21093610	+	tRNA-Leu-TAG-2-1	0.691618537609695	0.730623874291904	0.800591894091019	0.29974227149172	0.289197000877972	0.550052570269547	0.843502580140165
chr16	22207031	22207113	-	tRNA-Leu-TAG-3-1	0.833489006862966	0.761714251921347	0.605325578459064	0.29974227149172	0.442301295460428	0.739725870362494	1.70495202368757
chr19	36066749	36066822	+	tRNA-Lys-CTT-10-1	1.01082709342955	1.05707283940105	0.97633157815978	1.33385310813815	0.833567826060037	0.227607960111537	0.305096677923038
chr14	58706612	58706685	-	tRNA-Lys-CTT-1-1	1.15269756268282	1.15034397228938	0.927514999251791	0.629458770132611	0.527359236895125	0.512117910250957	1.05886494102702
chr19	52425397	52425468	-	tRNA-Lys-CTT-11-1	0.248273321193224	0.202087454591378	0.234319578758347	0.329716498640892	0.35724335402573	0.246575290120831	0.197415497479613
chr15	79152903	79152976	+	tRNA-Lys-CTT-1-2	1.25910041462278	1.41461218213964	1.15207126222854	0.404652066513821	0.255173824304093	1.46048441071569	0.610193355846077
chr1	145395521	145395594	-	tRNA-Lys-CTT-2-1	0.744819963579671	1.13479878347466	0.907988367688595	0.614471656558025	0.595405590042883	4.96944046243521	7.3582139969674
chr5	180634754	180634827	+	tRNA-Lys-CTT-2-2	0.92215805014626	0.746169063106626	0.956804946596584	0.479587634386751	0.442301295460428	2.75026285134773	2.63818892086392
chr5	180648978	180649051	-	tRNA-Lys-CTT-2-3	1.40097088387605	1.84987746895184	1.70858026177961	0.374677839364649	0.646440354903702	2.76923018135703	5.16869666128442
chr6	26556773	26556846	+	tRNA-Lys-CTT-2-4	0.727086154923013	0.870530573624396	0.839645157217411	0.464600520812165	0.510347648608186	0.493150580241662	0.66403394606779
chr16	3225691	3225764	+	tRNA-Lys-CTT-2-5	0.496546642386448	0.435265286812198	0.371005999700716	0.29974227149172	0.238162236017153	0.606954560297431	1.31012102872834
chr16	3207405	3207478	-	tRNA-Lys-CTT-3-1	0.851222815519624	0.994892084142167	1.05443810441256	0.254780930767962	0.323220177451851	4.45732255218426	4.16367231047911
chr16	3241500	3241573	+	tRNA-Lys-CTT-4-1	0.496546642386448	0.497446042071084	0.585798946895868	0.434626293662993	0.323220177451851	0.587987230288136	0.80760885332569
chr16	3230554	3230627	-	tRNA-Lys-CTT-5-1	0.496546642386448	0.295358587479706	0.322189420792727	0.344703612215478	0.442301295460428	0.265542620130126	0.466618448588176
chr1	55423541	55423614	-	tRNA-Lys-CTT-7-1	0.248273321193224	0.481900853256362	0.351479368137521	0.239793817193376	0.238162236017153	0.151738640074358	0.251256087701326
chr16	3214938	3215011	+	tRNA-Lys-CTT-8-1	0.230539512536565	0.279813398664985	0.40029594704551	0.404652066513821	0.425289707173488	0.493150580241662	0.915290033769115
chr5	26198538	26198611	-	tRNA-Lys-CTT-9-1	0.124136660596612	0.202087454591378	0.165976368287163	0.239793817193376	0.272185412591032	0.170705970083652	0.215362360886851
chr16	73512215	73512288	-	tRNA-Lys-TTT-1-1	0.673884728953036	0.528536419700526	0.48816578907989	0.374677839364649	0.425289707173488	0.170705970083652	0.323043541330276
chr12	27843305	27843378	+	tRNA-Lys-TTT-11-1	0.248273321193224	0.23317783222082	0.17573968406876	0.314729385066306	0.408278118886549	0.246575290120831	0.305096677923038
chr11	122430654	122430727	+	tRNA-Lys-TTT-2-1	0.266007129849883	0.202087454591378	0.17573968406876	0.269768044342548	0.221150647730214	0.0758693200371788	0.125628043850663
chr1	204475654	204475727	+	tRNA-Lys-TTT-3-1	1.2058989886528	1.49233812621325	1.24970442004452	0.479587634386751	0.680463531477581	1.74499436085511	3.37401032056066
chr1	204476157	204476230	-	tRNA-Lys-TTT-3-2	1.41870469253271	1.53897369265742	1.42544410411328	0.554523202259681	0.646440354903702	2.23814494109678	7.80688558214834
chr6	28918805	28918878	+	tRNA-Lys-TTT-3-3	0.230539512536565	0.124361510517771	0.126923105160771	0.14987113574586	0.0680463531477581	0.0569019900278841	0.0897343170361878
chr11	59327807	59327880	-	tRNA-Lys-TTT-3-4	0.319208555819859	0.357539342738591	0.283136157666336	0.22480670361879	0.170115882869395	1.00526849049262	1.2921741653211
chr17	8022472	8022545	+	tRNA-Lys-TTT-3-5	0.602949494326401	0.761714251921347	0.507692420643086	0.284755157917134	0.35724335402573	1.40358242068781	2.31514537953364
chr6	27559592	27559665	-	tRNA-Lys-TTT-4-1	0.727086154923013	0.68398830784774	0.683432104711846	0.404652066513821	0.34023176573879	0.32244461015801	0.412777858366464
chr11	59323901	59323974	+	tRNA-Lys-TTT-5-1	0.425611407759812	0.295358587479706	0.536982367987879	0.194832476469618	0.119081118008577	0.436248590213778	0.592246492438839
chr6	27302768	27302841	-	tRNA-Lys-TTT-6-1	0.532014259699765	0.528536419700526	0.527219052206281	0.389664952939235	0.306208589164911	0.246575290120831	0.358937268144751
chr6	28715520	28715593	+	tRNA-Lys-TTT-7-1	0.0709352346266354	0.10881632170305	0.156213052505565	0.0599484542983439	0.0510347648608186	0.113803980055768	0.0179468634072376
chr8	124169469	124169542	-	tRNA-Met-CAT-1-1	1.72017943969591	2.70486285376152	2.61656862946821	0.704394338005541	0.850579414346976	0.986301160483325	1.20243984828492
chr16	71460395	71460468	+	tRNA-Met-CAT-2-1	0.407877599103153	0.295358587479706	0.468639157516694	0.584497429408853	0.476324472034307	0.436248590213778	0.269202951108563
chr6	28912351	28912424	+	tRNA-Met-CAT-3-1	0.124136660596612	0.23317783222082	0.195266315631956	0.029974227149172	0.0680463531477581	0.113803980055768	0.125628043850663
chr6	28921041	28921114	-	tRNA-Met-CAT-3-2	0.141870469253271	0.23317783222082	0.283136157666336	0.0899226814475159	0.0680463531477581	0.0948366500464736	0.305096677923038
chr6	26735573	26735646	-	tRNA-Met-CAT-4-1	0.585215685669742	0.823895007180232	0.654142157367053	0.554523202259681	0.510347648608186	0.417281260204484	0.305096677923038
chr6	26758549	26758622	-	tRNA-Met-CAT-4-2	0.656150920296377	0.746169063106626	0.566272315332672	0.494574747961337	0.323220177451851	0.417281260204484	0.215362360886851
chr6	26766443	26766516	+	tRNA-Met-CAT-4-3	0.567481877013083	0.68398830784774	0.839645157217411	0.22480670361879	0.272185412591032	0.436248590213778	0.340990404737514
chr6	26701711	26701784	+	tRNA-Met-CAT-5-1	1.02856090208621	0.637352741403576	0.615088894240661	0.989149495922675	0.765521472912279	0.569019900278841	0.376884131551989
chr16	87417627	87417700	-	tRNA-Met-CAT-6-1	0.567481877013083	0.621807552588855	0.654142157367053	0.434626293662993	0.425289707173488	7.47312802366212	9.31442210835629
chr6	58168491	58168564	-	tRNA-Met-CAT-7-1	0.407877599103153	0.404174909182756	0.380769315482314	0.614471656558025	0.527359236895125	0.284509950139421	0.376884131551989
chr6	28758498	28758571	-	tRNA-Phe-GAA-1-1	0.0709352346266354	0.155451888147214	0.107396473597576	0.134884022171274	0.187127471156335	0.132771310065063	0.0179468634072376
chr6	28949448	28949521	-	tRNA-Phe-GAA-1-2	0.372409981789836	0.357539342738591	0.322189420792727	0.0899226814475159	0.0680463531477581	0.0948366500464736	0.215362360886851
chr11	59324969	59325042	-	tRNA-Phe-GAA-1-3	0.425611407759812	0.248723021035542	0.351479368137521	0.194832476469618	0.221150647730214	0.455215920223073	0.574299629031602
chr12	125412388	125412461	-	tRNA-Phe-GAA-1-4	0.62068330298306	0.590717174959412	0.722485367838237	0.254780930767962	0.425289707173488	1.28977844063204	1.81263320413099
chr13	95201903	95201976	-	tRNA-Phe-GAA-1-5	0.390143790446495	0.419720097997477	0.429585894390303	0.134884022171274	0.119081118008577	2.31401426113395	2.33309224294088
chr19	1383360	1383433	-	tRNA-Phe-GAA-1-6	0.319208555819859	0.559626797329969	0.390532631263912	0.209819590044204	0.136092706295516	1.40358242068781	2.45872028679155
chr11	59333852	59333925	-	tRNA-Phe-GAA-2-1	0.62068330298306	1.1658891611041	1.02514815706777	0.179845362895032	0.187127471156335	0.550052570269547	0.430724721773701
chr6	28775609	28775682	-	tRNA-Phe-GAA-3-1	0.124136660596612	0.0621807552588855	0.0781065262527824	0.0449613407237579	0.0850579414346976	0.0189673300092947	0
chr6	28791092	28791166	-	tRNA-Phe-GAA-4-1	0.0354676173133177	0.0777259440736068	0.0683432104711846	0.0449613407237579	0.102069529721637	0.0948366500464736	0
chr6	28731373	28731447	-	tRNA-Phe-GAA-6-1	0.0709352346266354	0.0621807552588855	0.136686420942369	0.0749355678729299	0.119081118008577	0.0379346600185894	0.0179468634072376
chr16	3241988	3242060	+	tRNA-Pro-AGG-1-1	0.443345216416471	0.388629720368034	0.390532631263912	0.449613407237579	0.493336060321246	0.474183250232368	0.610193355846077
chr1	167684724	167684796	-	tRNA-Pro-AGG-2-1	0.656150920296377	1.13479878347466	0.781065262527824	0.254780930767962	0.306208589164911	0.758693200371788	1.07681180443425
chr6	26555497	26555569	+	tRNA-Pro-AGG-2-2	0.638417111639718	1.05707283940105	0.810355209872617	0.314729385066306	0.34023176573879	0.739725870362494	0.574299629031602
chr7	128423503	128423575	+	tRNA-Pro-AGG-2-3	0.443345216416471	0.435265286812198	0.605325578459064	0.404652066513821	0.408278118886549	0.32244461015801	0.394830994959226
chr11	75946556	75946628	+	tRNA-Pro-AGG-2-4	0.673884728953036	0.948256517698003	0.8884617361254	0.374677839364649	0.35724335402573	1.23287645060416	1.68700516028033
chr14	21077494	21077566	-	tRNA-Pro-AGG-2-5	0.638417111639718	0.761714251921347	0.800591894091019	0.374677839364649	0.35724335402573	0.910431840446146	0.592246492438839
chr14	21081559	21081631	-	tRNA-Pro-AGG-2-6	1.84431610029252	2.9846762524265	2.54822541899703	0.404652066513821	0.391266530599609	0.64488922031602	0.66403394606779
chr16	3232634	3232706	-	tRNA-Pro-AGG-2-7	0.514280451043106	0.373084531553313	0.439349210171901	0.449613407237579	0.425289707173488	1.46048441071569	2.74587010130735
chr16	3239633	3239705	+	tRNA-Pro-AGG-2-8	0.780287580892989	0.590717174959412	0.527219052206281	0.374677839364649	0.391266530599609	1.72602703084582	2.31514537953364
chr1	167683961	167684033	+	tRNA-Pro-CGG-1-1	0.407877599103153	0.606262363774133	0.429585894390303	0.284755157917134	0.374254942312669	3.20547877157081	6.04809296823906
chr16	3222048	3222120	+	tRNA-Pro-CGG-1-2	0.407877599103153	0.419720097997477	0.351479368137521	0.239793817193376	0.289197000877972	0.455215920223073	0.789661989918452
chr17	8126150	8126222	-	tRNA-Pro-CGG-1-3	0.868956624176283	0.497446042071084	0.527219052206281	0.29974227149172	0.255173824304093	6.03161094295572	7.59152322126149
chr6	27059520	27059592	+	tRNA-Pro-CGG-2-1	0.638417111639718	0.886075762439118	1.04467478863096	0.479587634386751	0.238162236017153	0.474183250232368	0.502512175402652
chr14	21101164	21101236	+	tRNA-Pro-TGG-1-1	0.602949494326401	0.79280462955079	0.615088894240661	0.539536088685095	0.493336060321246	0.474183250232368	0.412777858366464
chr11	75946868	75946940	-	tRNA-Pro-TGG-2-1	0.691618537609695	0.870530573624396	0.878698420343802	0.434626293662993	0.374254942312669	1.97260232096665	3.03301991582315
chr5	180615853	180615925	-	tRNA-Pro-TGG-3-1	0.76255377223633	0.901620951253839	0.849408472999008	0.449613407237579	0.578394001755944	2.44678557119902	3.6791069984837
chr14	21152174	21152246	+	tRNA-Pro-TGG-3-2	0.975359476116236	1.10370840584522	1.20088784113653	0.389664952939235	0.35724335402573	5.25395041257463	3.5355320912258
chr16	3208922	3208994	+	tRNA-Pro-TGG-3-3	0.496546642386448	0.419720097997477	0.546745683769477	0.359690725790064	0.425289707173488	12.8408824162925	10.6604368638991
chr16	3234132	3234204	-	tRNA-Pro-TGG-3-4	1.09949613671285	0.870530573624396	0.8884617361254	0.29974227149172	0.425289707173488	0.758693200371788	1.74084575050204
chr16	3238093	3238165	+	tRNA-Pro-TGG-3-5	0.709352346266354	0.746169063106626	0.605325578459064	0.449613407237579	0.34023176573879	2.04847164100383	2.74587010130735
chr19	45981848	45981945	-	tRNA-SeC-TCA-1-1	0.656150920296377	0.761714251921347	0.995858209722975	0.479587634386751	0.221150647730214	3.45205406169164	4.07393799344293
chr22	44546537	44546605	+	tRNA-SeC-TCA-2-1	0.230539512536565	0.23317783222082	0.156213052505565	0.22480670361879	0.306208589164911	0.227607960111537	0.161521770665138
chr6	27509553	27509635	-	tRNA-Ser-AGA-1-1	1.41870469253271	1.33688623806604	1.19112452535493	0.374677839364649	0.408278118886549	0.569019900278841	0.340990404737514
chr6	26327816	26327898	+	tRNA-Ser-AGA-2-1	0.815755198206307	0.839440195994954	0.761538630964628	0.449613407237579	0.153104294582456	0.398313930195189	0.610193355846077
chr6	27446590	27446672	+	tRNA-Ser-AGA-2-2	0.833489006862966	1.0881632170305	0.995858209722975	0.314729385066306	0.35724335402573	1.27081111062275	1.25628043850663
chr6	27463592	27463674	+	tRNA-Ser-AGA-2-3	0.549748068356424	0.559626797329969	0.761538630964628	0.344703612215478	0.510347648608186	0.284509950139421	0.430724721773701
chr6	27470817	27470899	+	tRNA-Ser-AGA-2-4	1.56057516178598	1.70997076961935	1.85502999850358	0.359690725790064	0.35724335402573	0.758693200371788	0.646087082660552
chr8	96281884	96281966	-	tRNA-Ser-AGA-2-5	1.27683422327944	1.39906699332492	1.3473375778605	0.629458770132611	0.782533061199218	6.88514079337398	13.298625784763
chr17	8129927	8130009	-	tRNA-Ser-AGA-2-6	1.18816517999614	1.0881632170305	1.11301799910215	0.269768044342548	0.289197000877972	1.30874577064134	2.31514537953364
chr6	27499986	27500068	+	tRNA-Ser-AGA-3-1	0.407877599103153	0.45081047562692	0.331952736574325	0.464600520812165	0.459312883747367	0.341411940167305	0.251256087701326
chr6	27521191	27521273	-	tRNA-Ser-AGA-4-1	0.939891858802919	1.33688623806604	1.35710089364209	0.314729385066306	0.425289707173488	0.417281260204484	0.502512175402652
chr17	8042198	8042280	-	tRNA-Ser-CGA-1-1	0.993093284772895	0.932711328883282	0.927514999251791	0.254780930767962	0.391266530599609	0.986301160483325	1.435749072579
chr6	27177627	27177709	+	tRNA-Ser-CGA-2-1	0.656150920296377	0.730623874291904	0.722485367838237	0.449613407237579	0.442301295460428	0.360379270176599	0.233309224294088
chr6	27640228	27640310	-	tRNA-Ser-CGA-3-1	0.851222815519624	2.09860048998738	1.72810689334281	0.464600520812165	0.71448670805146	1.66912504081793	1.20243984828492
chr12	56584147	56584229	+	tRNA-Ser-CGA-4-1	0.585215685669742	0.435265286812198	0.322189420792727	0.359690725790064	0.408278118886549	6.39199021313232	9.15290033769115
chr6	27065084	27065166	+	tRNA-Ser-GCT-1-1	0.727086154923013	0.544081608515248	0.742011999401433	0.344703612215478	0.306208589164911	1.27081111062275	1.22038671169215
chr6	27265774	27265856	+	tRNA-Ser-GCT-2-1	0.744819963579671	0.45081047562692	0.48816578907989	0.314729385066306	0.493336060321246	0.265542620130126	0.215362360886851
chr11	66115590	66115672	+	tRNA-Ser-GCT-3-1	0.443345216416471	0.45081047562692	0.478402473298292	0.314729385066306	0.323220177451851	5.76606832282559	7.16079849948779
chr6	28565116	28565198	-	tRNA-Ser-GCT-4-1	0.62068330298306	0.606262363774133	0.468639157516694	0.22480670361879	0.238162236017153	0.132771310065063	0.215362360886851
chr15	40886022	40886104	-	tRNA-Ser-GCT-4-2	0.780287580892989	2.02087454591378	1.68905363021642	0.314729385066306	0.578394001755944	4.70389784230509	5.90451806098116
chr17	8090183	8090265	+	tRNA-Ser-GCT-4-3	0.993093284772895	1.11925359465994	1.01538484128617	0.329716498640892	0.323220177451851	2.21917761108748	3.28427600352447
chr6	28180814	28180896	+	tRNA-Ser-GCT-5-1	1.33003564924941	1.86542265776656	1.69881694599802	0.284755157917134	0.289197000877972	0.663856550325315	0.861449443547403
chr6	26305720	26305798	-	tRNA-Ser-GCT-6-1	0.62068330298306	0.419720097997477	0.419822578608705	0.344703612215478	0.391266530599609	0.227607960111537	0.412777858366464
chr10	69524260	69524342	+	tRNA-Ser-TGA-1-1	1.04629471074287	1.15034397228938	0.937278315033389	0.314729385066306	0.391266530599609	2.01053698098524	2.79971069152906
chr6	27513467	27513549	+	tRNA-Ser-TGA-2-1	0.46107902507313	0.544081608515248	0.371005999700716	0.449613407237579	0.510347648608186	0.32244461015801	0.340990404737514
chr6	26312823	26312905	-	tRNA-Ser-TGA-3-1	1.36550326656273	1.0881632170305	1.07396473597576	0.254780930767962	0.459312883747367	0.68282388033461	0.699927672882265
chr6	27473606	27473688	-	tRNA-Ser-TGA-4-1	1.24136660596612	1.15034397228938	1.05443810441256	0.464600520812165	0.459312883747367	0.170705970083652	0.358937268144751
chr17	8090477	8090551	+	tRNA-Thr-AGT-1-1	0.993093284772895	1.25916029399243	1.11301799910215	0.344703612215478	0.34023176573879	1.95363499095736	2.60229519404945
chr17	8129552	8129626	-	tRNA-Thr-AGT-1-2	1.06402851939953	1.1658891611041	1.13254463066534	0.269768044342548	0.272185412591032	1.11907247054839	1.84852693094547
chr19	33667962	33668036	+	tRNA-Thr-AGT-1-3	1.09949613671285	1.19697953873355	1.28875768317091	0.29974227149172	0.306208589164911	5.87987230288136	6.10193355846077
chr6	26533144	26533218	-	tRNA-Thr-AGT-2-1	1.31230184059275	1.63224482554574	1.44497073567647	0.539536088685095	0.391266530599609	0.625921890306725	0.87939630695464
chr6	27652473	27652547	-	tRNA-Thr-AGT-2-2	1.2945680319361	1.6011544479163	1.3278109462973	0.404652066513821	0.442301295460428	0.512117910250957	0.340990404737514
chr6	28693794	28693868	+	tRNA-Thr-AGT-3-1	0.266007129849883	0.139906699332492	0.185502999850358	0.134884022171274	0.170115882869395	0.0758693200371788	0.0538405902217127
chr6	27694472	27694546	+	tRNA-Thr-AGT-4-1	0.868956624176283	0.590717174959412	0.595562262677466	0.494574747961337	0.408278118886549	0.151738640074358	0.340990404737514
chr17	8042769	8042843	-	tRNA-Thr-AGT-5-1	0.798021389549648	1.02598246177161	0.849408472999008	0.29974227149172	0.323220177451851	0.891464510436851	0.969130623990828
chr6	27130049	27130123	+	tRNA-Thr-AGT-6-1	0.957625667459578	0.917166140068561	0.859171788780606	0.404652066513821	0.289197000877972	0.398313930195189	0.305096677923038
chr6	28456769	28456843	-	tRNA-Thr-CGT-1-1	0.851222815519624	1.07261802821577	0.947041630814986	0.374677839364649	0.289197000877972	0.436248590213778	1.05886494102702
chr16	14379749	14379821	+	tRNA-Thr-CGT-2-1	0.567481877013083	0.528536419700526	0.66390547314865	0.404652066513821	0.408278118886549	2.95890348144997	3.12275423285933
chr6	28615983	28616057	-	tRNA-Thr-CGT-3-1	0.212805703879906	0.466355664441641	0.517455736424683	0.239793817193376	0.153104294582456	0.170705970083652	0.179468634072376
chr17	29877092	29877164	+	tRNA-Thr-CGT-4-1	0.372409981789836	0.481900853256362	0.429585894390303	0.284755157917134	0.221150647730214	8.08008258395955	7.932513625999
chr6	27586134	27586208	+	tRNA-Thr-CGT-5-1	0.868956624176283	0.994892084142167	0.956804946596584	0.239793817193376	0.544370825182065	1.02423582050191	1.77673947731652
chr6	28442328	28442402	-	tRNA-Thr-TGT-1-1	1.40097088387605	1.57006407028686	0.966568262378182	0.449613407237579	0.442301295460428	0.246575290120831	0.269202951108563
chr1	222638346	222638419	+	tRNA-Thr-TGT-2-1	0.372409981789836	0.404174909182756	0.507692420643086	0.179845362895032	0.153104294582456	0.493150580241662	0.628140219253314
chr14	21081948	21082021	-	tRNA-Thr-TGT-3-1	1.54284135312932	2.37841388865237	2.12840284038832	0.329716498640892	0.374254942312669	1.4225497506971	1.31012102872834
chr14	21099318	21099391	-	tRNA-Thr-TGT-4-1	1.02856090208621	1.07261802821577	1.03491147284937	0.374677839364649	0.459312883747367	0.625921890306725	0.73582139969674
chr14	21149848	21149921	+	tRNA-Thr-TGT-5-1	0.815755198206307	0.79280462955079	0.66390547314865	0.449613407237579	0.306208589164911	4.13487794202625	6.10193355846077
chr5	180618686	180618758	-	tRNA-Thr-TGT-6-1	0.868956624176283	0.963801706512725	0.947041630814986	0.419639180088407	0.544370825182065	7.34035671359705	9.67335937650104
chr17	8124186	8124258	-	tRNA-Trp-CCA-1-1	0.62068330298306	1.10370840584522	1.17159789379174	0.284755157917134	0.408278118886549	5.70916633279771	4.36108780795873
chr17	19411493	19411565	+	tRNA-Trp-CCA-2-1	0.549748068356424	0.388629720368034	0.507692420643086	0.374677839364649	0.289197000877972	2.73129552133844	1.93826124798166
chr6	26319329	26319401	-	tRNA-Trp-CCA-3-1	0.443345216416471	0.373084531553313	0.390532631263912	0.419639180088407	0.459312883747367	0.189673300092947	0.556352765624364
chr6	26331671	26331743	-	tRNA-Trp-CCA-3-2	0.851222815519624	0.777259440736068	0.829881841435813	0.314729385066306	0.561382413469004	0.284509950139421	0.358937268144751
chr17	8089675	8089747	+	tRNA-Trp-CCA-3-3	0.372409981789836	0.419720097997477	0.468639157516694	0.344703612215478	0.34023176573879	2.5226548912362	3.44579777418961
chr12	98898029	98898101	+	tRNA-Trp-CCA-4-1	0.602949494326401	0.730623874291904	0.732248683619835	0.389664952939235	0.612417178329823	4.02107396197048	5.09690920765547
chr7	99067306	99067378	+	tRNA-Trp-CCA-5-1	0.602949494326401	0.404174909182756	0.507692420643086	0.794317019453057	0.680463531477581	0.701791210343904	1.23833357509939
chr6	26569085	26569176	+	tRNA-Tyr-GTA-1-1	1.61377658775595	1.83433228013712	1.66952699865322	0.389664952939235	0.578394001755944	0.569019900278841	0.789661989918452
chr2	27273649	27273738	+	tRNA-Tyr-GTA-2-1	0.514280451043106	0.777259440736068	0.634615525803857	0.344703612215478	0.221150647730214	3.67966202180317	4.8277062565469
chr6	26577331	26577420	+	tRNA-Tyr-GTA-3-1	0.514280451043106	0.575171986144691	0.605325578459064	0.389664952939235	0.391266530599609	0.227607960111537	0.323043541330276
chr14	21125622	21125716	-	tRNA-Tyr-GTA-4-1	0.390143790446495	0.528536419700526	0.497929104861488	0.434626293662993	0.391266530599609	0.303477280148715	0.466618448588176
chr8	67025601	67025694	+	tRNA-Tyr-GTA-5-1	0.496546642386448	0.466355664441641	0.556508999551074	0.269768044342548	0.170115882869395	8.06111525395025	9.13495347428392
chr8	67026222	67026311	+	tRNA-Tyr-GTA-5-2	0.425611407759812	0.606262363774133	0.48816578907989	0.254780930767962	0.272185412591032	8.09904991396884	8.74012247932469
chr14	21121257	21121351	-	tRNA-Tyr-GTA-5-3	0.407877599103153	0.279813398664985	0.410059262827108	0.314729385066306	0.187127471156335	0.132771310065063	0.305096677923038
chr14	21131350	21131444	-	tRNA-Tyr-GTA-5-4	0.212805703879906	0.512991230885805	0.517455736424683	0.374677839364649	0.391266530599609	0.474183250232368	0.502512175402652
chr14	21151431	21151520	+	tRNA-Tyr-GTA-5-5	0.727086154923013	0.68398830784774	0.937278315033389	0.329716498640892	0.289197000877972	8.63013515422909	7.932513625999
chr6	26595101	26595190	+	tRNA-Tyr-GTA-6-1	0.532014259699765	0.901620951253839	0.644378841585455	0.374677839364649	0.374254942312669	0.265542620130126	0.430724721773701
chr14	21128116	21128210	-	tRNA-Tyr-GTA-7-1	0.3014747471632	0.326448965109149	0.234319578758347	0.254780930767962	0.255173824304093	0.208640630102242	0.520459038809889
chr6	26575797	26575887	+	tRNA-Tyr-GTA-8-1	0.319208555819859	0.310903776294427	0.410059262827108	0.389664952939235	0.493336060321246	0.246575290120831	0.340990404737514
chr8	66609531	66609619	-	tRNA-Tyr-GTA-9-1	0.195071895223247	0.23317783222082	0.244082894539945	0.239793817193376	0.323220177451851	0.265542620130126	0.287149814515801
chr3	169490017	169490090	+	tRNA-Val-AAC-1-1	1.24136660596612	1.69442558080463	1.39615415676849	0.359690725790064	0.561382413469004	6.16438225302078	5.36611215876403
chr5	180591153	180591226	+	tRNA-Val-AAC-1-2	0.514280451043106	0.559626797329969	0.536982367987879	0.584497429408853	0.527359236895125	0.32244461015801	0.269202951108563
chr5	180596609	180596682	+	tRNA-Val-AAC-1-3	0.62068330298306	0.808349818365511	0.673668788930248	0.524548975110509	0.646440354903702	0.436248590213778	0.915290033769115
chr5	180645269	180645342	-	tRNA-Val-AAC-1-4	2.5004670205889	2.4716850215407	2.52869878743383	0.554523202259681	0.425289707173488	1.0621704805205	1.77673947731652
chr6	27721178	27721251	-	tRNA-Val-AAC-1-5	0.656150920296377	0.544081608515248	0.57603563111427	0.374677839364649	0.476324472034307	1.27081111062275	1.435749072579
chr5	180615415	180615488	-	tRNA-Val-AAC-2-1	1.06402851939953	0.870530573624396	0.937278315033389	0.509561861535923	0.459312883747367	1.65015771080864	2.44077342338431
chr6	27618706	27618779	-	tRNA-Val-AAC-3-1	0.780287580892989	0.994892084142167	1.01538484128617	0.569510315834267	0.493336060321246	0.265542620130126	0.323043541330276
chr6	27648884	27648957	-	tRNA-Val-AAC-4-1	0.354676173133177	0.373084531553313	0.234319578758347	0.404652066513821	0.374254942312669	0.341411940167305	0.448671585180939
chr6	27203287	27203360	+	tRNA-Val-AAC-5-1	0.3014747471632	2.72040804257624	1.96242647210116	0.359690725790064	0.408278118886549	3.03477280148715	0.502512175402652
chr1	161369489	161369562	-	tRNA-Val-CAC-1-1	0.727086154923013	0.808349818365511	0.683432104711846	0.449613407237579	0.35724335402573	13.6375102766829	12.0782390730709
chr5	180524069	180524142	+	tRNA-Val-CAC-1-2	0.798021389549648	1.02598246177161	1.00562152550457	0.614471656558025	0.69747511976452	0.284509950139421	0.376884131551989
chr5	180529252	180529325	-	tRNA-Val-CAC-1-3	0.76255377223633	0.870530573624396	0.995858209722975	0.539536088685095	0.595405590042883	0.32244461015801	0.502512175402652
chr5	180600649	180600722	+	tRNA-Val-CAC-1-4	0.727086154923013	1.05707283940105	1.07396473597576	0.584497429408853	0.612417178329823	0.68282388033461	1.50753652620795
chr5	180649394	180649467	-	tRNA-Val-CAC-1-5	1.34776945790607	1.57006407028686	1.67929031443482	0.449613407237579	0.71448670805146	5.63329701276053	9.69130623990828
chr6	26538281	26538354	+	tRNA-Val-CAC-1-6	1.2945680319361	1.3835218045102	1.30828431473411	0.419639180088407	0.459312883747367	6.88514079337398	8.41707893799441
chr6	27248048	27248121	-	tRNA-Val-CAC-2-1	0.673884728953036	0.606262363774133	0.624852210022259	0.374677839364649	0.544370825182065	0.986301160483325	0.574299629031602
chr19	4724646	4724719	-	tRNA-Val-CAC-3-1	0.372409981789836	0.528536419700526	0.390532631263912	0.314729385066306	0.34023176573879	0.587987230288136	0.987077487398066
chr1	149298554	149298627	-	tRNA-Val-CAC-4-1	0.975359476116236	0.746169063106626	0.810355209872617	0.839278360176815	0.748509884625339	1.21390912059486	1.92031438457442
chr1	149684087	149684161	-	tRNA-Val-CAC-5-1	0.993093284772895	1.02598246177161	0.868935104562204	0.764342792303885	0.901614179207795	1.74499436085511	2.36898596975536
chr6	27173866	27173939	-	tRNA-Val-CAC-6-1	0.195071895223247	0.373084531553313	0.292899473447934	0.284755157917134	0.35724335402573	0.606954560297431	0.287149814515801
chr11	59318101	59318174	-	tRNA-Val-TAC-1-1	0.354676173133177	0.621807552588855	0.615088894240661	0.269768044342548	0.153104294582456	0.796627860390378	1.41780220917177
chrX	18693028	18693101	-	tRNA-Val-TAC-1-2	0.425611407759812	0.45081047562692	0.40029594704551	0.239793817193376	0.187127471156335	5.70916633279771	3.85857563255607
chr11	59318459	59318532	-	tRNA-Val-TAC-2-1	0.478812833729789	0.512991230885805	0.517455736424683	0.194832476469618	0.204139059443274	0.455215920223073	0.771715126511215
chr10	5895673	5895746	-	tRNA-Val-TAC-3-1	0.478812833729789	0.310903776294427	0.468639157516694	0.434626293662993	0.544370825182065	0.246575290120831	0.394830994959226
chr6	27258404	27258477	+	tRNA-Val-TAC-4-1	0.46107902507313	0.79280462955079	0.859171788780606	0.449613407237579	0.425289707173488	0.910431840446146	0.1435749072579
