Chromosome	Start	End	Strand	name	ed_foxa1	dox_foxa1_high	dox_foxa1_low	dox_input	ed_input	dox_h3k27ac	ed_h3k27ac
chr6	28791092	28791166	-	tRNA-Phe-GAA-4-1	0	0.0137451558636389	0.0172655731317848	0.039755106448175	0.0300835114039403	0.0335420702060484	0
chrX	3794841	3794915	-	tRNA-Ile-GAT-1-2	0	0.0274903117272778	0.0172655731317848	0.0265034042987833	0.0300835114039403	0.0167710351030242	0.0158687319746357
chrX	3756417	3756491	-	tRNA-Ile-GAT-1-1	0	0.0412354675909167	0.00863278656589238	0.0265034042987833	0.0752087785098506	0.0167710351030242	0.047606195923907
chrX	3833270	3833344	-	tRNA-Ile-GAT-1-3	0	0.0137451558636389	0.0345311462635695	0.0265034042987833	0.0300835114039403	0	0.0158687319746357
chrX	18693028	18693101	-	tRNA-Val-TAC-1-2	0	0.343628896590972	0.241718023844987	0.119265319344525	0.120334045615761	1.82804282622964	0.793436598731783
chr6	28779848	28779920	-	tRNA-Ala-AGC-6-1	0	0.0412354675909167	0	0.0132517021493917	0.0150417557019701	0	0.0317374639492713
chr6	28757546	28757618	-	tRNA-Ala-TGC-1-1	0	0.0137451558636389	0.0431639328294619	0.0132517021493917	0.0451252671059104	0.0167710351030242	0.0317374639492713
chr6	28697091	28697163	+	tRNA-Ala-CGC-4-1	0.0156803475948062	0.0549806234545555	0.0345311462635695	0.0132517021493917	0.0300835114039403	0	0.0158687319746357
chr6	28785011	28785083	-	tRNA-Ala-TGC-5-1	0.0156803475948062	0.0549806234545555	0.0431639328294619	0.0265034042987833	0.0601670228078805	0.0167710351030242	0.0317374639492713
chr6	28726140	28726212	-	tRNA-Ala-TGC-6-1	0.0156803475948062	0.0412354675909167	0.0345311462635695	0.0265034042987833	0.0300835114039403	0.0335420702060484	0.0634749278985426
chr1	149230569	149230643	-	tRNA-Asn-GTT-6-1	0.0313606951896124	0.0687257793181944	0.0863278656589238	0.0265034042987833	0.0902505342118208	0.0335420702060484	0.0793436598731783
chr6	28770576	28770647	-	tRNA-Ala-TGC-7-1	0.0313606951896124	0.0549806234545555	0.0863278656589238	0.0132517021493917	0.0601670228078805	0.0503131053090726	0.0317374639492713
chr1	159111400	159111474	-	tRNA-Arg-TCT-4-1	0.0313606951896124	0.0549806234545555	0.155390158186063	0.132517021493917	0.240668091231522	0.134168280824193	0.11108112382245
chr6	28806220	28806292	-	tRNA-Ala-AGC-2-1	0.0313606951896124	0.0549806234545555	0.0431639328294619	0.0132517021493917	0.105292289913791	0.218023456339314	0.349112103441984
chr6	28710728	28710801	-	tRNA-Arg-CCG-1-1	0.0313606951896124	0.164941870363667	0.224452450713202	0.0530068085975667	0.0451252671059104	0.0167710351030242	0
chr6	28678365	28678437	+	tRNA-Ala-AGC-5-1	0.0470410427844186	0.0549806234545555	0.0172655731317848	0.07951021289635	0.0752087785098506	0.0335420702060484	0.0793436598731783
chr6	28758498	28758571	-	tRNA-Phe-GAA-1-1	0.0470410427844186	0.109961246909111	0.069062292527139	0.0662585107469583	0.135375801317731	0.0838551755151209	0.0158687319746357
chr6	28715520	28715593	+	tRNA-Lys-TTT-7-1	0.0470410427844186	0.0824709351818333	0.0949606522248161	0.0265034042987833	0.0150417557019701	0.0503131053090726	0.0158687319746357
chr1	149155827	149155899	-	tRNA-His-GTG-2-1	0.0470410427844186	0.0549806234545555	0.0863278656589238	0.039755106448175	0.0601670228078805	0.0670841404120967	0.0634749278985426
chr6	28849164	28849237	+	tRNA-Arg-CCG-1-2	0.0470410427844186	0.0412354675909167	0.0604295059612466	0.0265034042987833	0.0300835114039403	0.0167710351030242	0.047606195923907
chr6	28921041	28921114	-	tRNA-Met-CAT-3-2	0.0470410427844186	0.0962160910454722	0.155390158186063	0.0662585107469583	0.0150417557019701	0.0503131053090726	0.0793436598731783
chr8	66609531	66609619	-	tRNA-Tyr-GTA-9-1	0.0627213903792248	0.137451558636389	0.138124585054278	0.0927619150457417	0.180501068423642	0.167710351030242	0.190424783695628
chr7	149243630	149243702	+	tRNA-Cys-GCA-16-1	0.0627213903792248	0.164941870363667	0.155390158186063	0.212027234390267	0.150417557019701	0.184481386133266	0.174556051720992
chr6	28731373	28731447	-	tRNA-Phe-GAA-6-1	0.0627213903792248	0.0549806234545555	0.0604295059612466	0.039755106448175	0.0902505342118208	0	0.0158687319746357
chr1	55423541	55423614	-	tRNA-Lys-CTT-7-1	0.0627213903792248	0.274903117272778	0.189921304449632	0.07951021289635	0.120334045615761	0.100626210618145	0.11108112382245
chr6	28912351	28912424	+	tRNA-Met-CAT-3-1	0.078401737974031	0.164941870363667	0.129491798488386	0.0132517021493917	0.0150417557019701	0.0167710351030242	0.047606195923907
chr19	1383360	1383433	-	tRNA-Phe-GAA-1-6	0.078401737974031	0.109961246909111	0.0949606522248161	0.106013617195133	0.0601670228078805	0.134168280824193	0.190424783695628
chr6	28775609	28775682	-	tRNA-Phe-GAA-3-1	0.078401737974031	0.0412354675909167	0.0604295059612466	0.0265034042987833	0.0601670228078805	0.0167710351030242	0
chr6	28956778	28956860	+	tRNA-Leu-AAG-3-1	0.078401737974031	0.0687257793181944	0.0258983596976771	0.0132517021493917	0.0451252671059104	0.0335420702060484	0.047606195923907
chr6	28908829	28908934	+	tRNA-Leu-CAA-1-2	0.078401737974031	0.109961246909111	0.129491798488386	0.0132517021493917	0	0.150939315927218	0.0952123918478139
chr6	28687480	28687552	+	tRNA-Ala-AGC-7-1	0.078401737974031	0.0962160910454722	0.0949606522248161	0.0927619150457417	0.0601670228078805	0.0503131053090726	0.0317374639492713
chr1	149186124	149186196	+	tRNA-Gln-CTG-4-2	0.078401737974031	0.0274903117272778	0.0517967193953543	0.119265319344525	0.0601670228078805	0.0838551755151209	0.0158687319746357
chr5	26198538	26198611	-	tRNA-Lys-CTT-9-1	0.078401737974031	0.12370640277275	0.103593438790709	0.106013617195133	0.120334045615761	0.100626210618145	0.126949855797085
chr6	28611221	28611293	+	tRNA-Ala-TGC-2-1	0.078401737974031	0.109961246909111	0.155390158186063	0.0927619150457417	0.0601670228078805	0.0503131053090726	0.047606195923907
chr17	37023897	37023969	+	tRNA-Cys-GCA-2-2	0.078401737974031	0.137451558636389	0.14675737162017	0.0530068085975667	0.0601670228078805	0.150939315927218	0.36498083541662
chr11	59319227	59319310	+	tRNA-Leu-TAA-3-1	0.0940820855688372	0.151196714500028	0.198554091015525	0.119265319344525	0.165459312721671	0.117397245721169	0.269768443568806
chr22	44546537	44546605	+	tRNA-SeC-TCA-2-1	0.0940820855688372	0.137451558636389	0.0949606522248161	0.0662585107469583	0.120334045615761	0.117397245721169	0.0952123918478139
chr6	28763740	28763812	-	tRNA-Ala-AGC-1-1	0.0940820855688372	0.0549806234545555	0.0431639328294619	0.0132517021493917	0.0150417557019701	0	0.0317374639492713
chr6	28831461	28831533	-	tRNA-Ala-AGC-2-2	0.0940820855688372	0.12370640277275	0.0949606522248161	0.039755106448175	0.0150417557019701	0	0
chr7	149310155	149310227	-	tRNA-Cys-GCA-19-1	0.0940820855688372	0.109961246909111	0.120859011922493	0.3180408515854	0.195542824125612	0.150939315927218	0.222162247644899
chr6	28949448	28949521	-	tRNA-Phe-GAA-1-2	0.109762433163643	0.12370640277275	0.164022944751955	0.0265034042987833	0.0300835114039403	0.0335420702060484	0.126949855797085
chr17	37017936	37018008	-	tRNA-Cys-GCA-14-1	0.109762433163643	0.178687026227306	0.120859011922493	0.185523830091483	0.120334045615761	0.134168280824193	0.11108112382245
chr7	149344045	149344117	-	tRNA-Cys-GCA-12-1	0.109762433163643	0.0962160910454722	0.155390158186063	0.0927619150457417	0.165459312721671	0.167710351030242	0.190424783695628
chr17	19764174	19764245	+	tRNA-Gly-CCC-3-1	0.109762433163643	0.192432182090944	0.129491798488386	0.172272127942092	0.195542824125612	0.268336561648387	0.0158687319746357
chr7	149253801	149253871	+	tRNA-Cys-GCA-22-1	0.109762433163643	0.109961246909111	0.207186877581417	0.251782340838442	0.255709846933492	0.0838551755151209	0.142818587771721
chr6	28615983	28616057	-	tRNA-Thr-CGT-3-1	0.109762433163643	0.288648273136417	0.336678676069803	0.106013617195133	0.105292289913791	0.0838551755151209	0.0317374639492713
chr6	28909377	28909449	-	tRNA-Gln-CTG-1-3	0.109762433163643	0.109961246909111	0.129491798488386	0.0132517021493917	0	0.150939315927218	0.0793436598731783
chr6	27173866	27173939	-	tRNA-Val-CAC-6-1	0.109762433163643	0.2474128055455	0.18128851788374	0.132517021493917	0.225626335529552	0.368962772266532	0.158687319746357
chr16	3214938	3215011	+	tRNA-Lys-CTT-8-1	0.109762433163643	0.178687026227306	0.241718023844987	0.212027234390267	0.210584579827582	0.20125242123629	0.539536887137612
chr14	21078290	21078372	+	tRNA-Leu-AAG-2-3	0.12544278075845	0.288648273136417	0.310780316372126	0.198775532240875	0.210584579827582	0.150939315927218	0.190424783695628
chr19	4724081	4724153	+	tRNA-Gly-TCC-1-1	0.12544278075845	0.164941870363667	0.189921304449632	0.185523830091483	0.165459312721671	0.486360017987701	0.777567866757147
chr1	17216171	17216245	+	tRNA-Asn-GTT-4-1	0.12544278075845	0.206177337954583	0.129491798488386	0.145768723643308	0.165459312721671	0.251565526545363	0.174556051720992
chr12	27843305	27843378	+	tRNA-Lys-TTT-11-1	0.12544278075845	0.164941870363667	0.0949606522248161	0.198775532240875	0.150417557019701	0.100626210618145	0.0793436598731783
chr7	149295045	149295117	+	tRNA-Cys-GCA-20-1	0.12544278075845	0.0962160910454722	0.198554091015525	0.185523830091483	0.165459312721671	0.150939315927218	0.126949855797085
chr6	28863999	28864105	-	tRNA-Leu-CAA-1-1	0.12544278075845	0.12370640277275	0.155390158186063	0.0927619150457417	0.195542824125612	1.39199591355101	1.50752953759039
chr4	124430004	124430076	-	tRNA-Cys-GCA-2-1	0.12544278075845	0.137451558636389	0.14675737162017	0.251782340838442	0.120334045615761	0.0670841404120967	0.0793436598731783
chr14	21131350	21131444	-	tRNA-Tyr-GTA-5-4	0.12544278075845	0.288648273136417	0.241718023844987	0.119265319344525	0.180501068423642	0.184481386133266	0.25389971159417
chr6	28505366	28505460	+	tRNA-Ile-TAT-3-1	0.12544278075845	0.109961246909111	0.129491798488386	0.132517021493917	0.0451252671059104	0.0335420702060484	0.126949855797085
chr6	28693794	28693868	+	tRNA-Thr-AGT-3-1	0.141123128353256	0.109961246909111	0.14675737162017	0.039755106448175	0.0752087785098506	0.0167710351030242	0
chr16	70812941	70813012	-	tRNA-Gly-GCC-2-4	0.141123128353256	0.233667649681861	0.250350810410879	0.198775532240875	0.195542824125612	0.0503131053090726	0.126949855797085
chr16	70822596	70822667	+	tRNA-Gly-GCC-5-1	0.141123128353256	0.192432182090944	0.155390158186063	0.1590204257927	0.255709846933492	0.0838551755151209	0.285637175543442
chr19	52425397	52425468	-	tRNA-Lys-CTT-11-1	0.141123128353256	0.12370640277275	0.120859011922493	0.185523830091483	0.165459312721671	0.167710351030242	0.11108112382245
chr6	27529962	27530049	+	tRNA-Arg-TCT-5-1	0.141123128353256	0.151196714500028	0.198554091015525	0.185523830091483	0.300835114039403	0.134168280824193	0.0952123918478139
chr6	145503858	145503930	+	tRNA-Gln-TTG-4-1	0.141123128353256	0.12370640277275	0.0863278656589238	0.145768723643308	0.0601670228078805	0.0670841404120967	0.126949855797085
chr6	144537683	144537766	+	tRNA-Leu-TAA-1-1	0.141123128353256	0.219922493818222	0.224452450713202	0.1590204257927	0.225626335529552	0.72115450943004	0.72996167083324
chr8	67026423	67026496	+	tRNA-Ala-AGC-8-2	0.141123128353256	0.37111920831825	0.250350810410879	0.145768723643308	0.195542824125612	1.49262212416915	0.888648990579597
chr1	93981833	93981906	-	tRNA-Cys-GCA-7-1	0.141123128353256	0.0412354675909167	0.0949606522248161	0.106013617195133	0.120334045615761	0.100626210618145	0.158687319746357
chr6	28918805	28918878	+	tRNA-Lys-TTT-3-3	0.156803475948062	0.0824709351818333	0.0863278656589238	0	0.0300835114039403	0.0167710351030242	0.047606195923907
chr11	122430654	122430727	+	tRNA-Lys-TTT-2-1	0.156803475948062	0.109961246909111	0.0431639328294619	0.119265319344525	0.120334045615761	0.0335420702060484	0.047606195923907
chr6	28626013	28626085	-	tRNA-Ala-AGC-4-1	0.156803475948062	0.261157961409139	0.0949606522248161	0.0662585107469583	0.0752087785098506	0.0670841404120967	0.0317374639492713
chr6	26319329	26319401	-	tRNA-Trp-CCA-3-1	0.156803475948062	0.192432182090944	0.189921304449632	0.265034042987833	0.180501068423642	0.0838551755151209	0.349112103441984
chr6	18836401	18836473	+	tRNA-Gln-CTG-1-1	0.156803475948062	0.192432182090944	0.189921304449632	0.212027234390267	0.225626335529552	0.150939315927218	0.25389971159417
chr11	59318101	59318174	-	tRNA-Val-TAC-1-1	0.156803475948062	0.329883740727333	0.319413102938018	0.172272127942092	0.0902505342118208	0.436046912678629	0.952123918478139
chr7	149404759	149404831	+	tRNA-Cys-GCA-9-4	0.156803475948062	0.137451558636389	0.103593438790709	0.172272127942092	0.255709846933492	0.0503131053090726	0.301505907518077
chr16	70823409	70823480	+	tRNA-Gly-GCC-2-5	0.156803475948062	0.261157961409139	0.0949606522248161	0.132517021493917	0.135375801317731	0.117397245721169	0.174556051720992
chr3	131950641	131950713	-	tRNA-Cys-GCA-9-1	0.156803475948062	0.288648273136417	0.18128851788374	0.106013617195133	0.150417557019701	0.117397245721169	0.0634749278985426
chr6	27203287	27203360	+	tRNA-Val-AAC-5-1	0.156803475948062	1.36077043050025	1.07909832073655	0.145768723643308	0.270751602635462	2.04606628256895	0.333243371467349
chr3	131947943	131948015	-	tRNA-Cys-GCA-6-1	0.156803475948062	0.178687026227306	0.155390158186063	0.198775532240875	0.120334045615761	0.0670841404120967	0.0952123918478139
chr6	28641612	28641684	-	tRNA-Ala-CGC-2-1	0.156803475948062	0.109961246909111	0.120859011922493	0.0927619150457417	0.120334045615761	0.0167710351030242	0.047606195923907
chr6	28557155	28557227	+	tRNA-Gln-TTG-2-1	0.156803475948062	0.2474128055455	0.198554091015525	0.07951021289635	0.0752087785098506	0.150939315927218	0.0634749278985426
chr19	4724646	4724719	-	tRNA-Val-CAC-3-1	0.156803475948062	0.192432182090944	0.164022944751955	0.145768723643308	0.225626335529552	0.452817947781653	0.682355474909333
chr6	58164627	58164700	-	tRNA-Ala-AGC-13-2	0.156803475948062	0.357374052454611	0.448904901426404	0.251782340838442	0.330918625443343	0.100626210618145	0.238030979619535
chr8	67026222	67026311	+	tRNA-Tyr-GTA-5-2	0.156803475948062	0.329883740727333	0.233085237279094	0.132517021493917	0.150417557019701	1.71064558050847	1.68208558931138
chr2	131094700	131094772	-	tRNA-Glu-TTC-1-1	0.172483823542868	0.219922493818222	0.207186877581417	0.119265319344525	0.165459312721671	0.20125242123629	0.333243371467349
chr7	149292304	149292376	-	tRNA-Cys-GCA-23-1	0.172483823542868	0.109961246909111	0.155390158186063	0.185523830091483	0.150417557019701	0.0503131053090726	0.126949855797085
chr6	26796005	26796078	-	tRNA-Ala-AGC-12-2	0.172483823542868	0.206177337954583	0.241718023844987	0.23853063868905	0.195542824125612	0.0838551755151209	0.206293515670263
chr7	149286163	149286235	-	tRNA-Cys-GCA-3-1	0.172483823542868	0.178687026227306	0.18128851788374	0.172272127942092	0.285793358337432	0.117397245721169	0.0634749278985426
chr17	37025544	37025616	-	tRNA-Cys-GCA-4-1	0.172483823542868	0.192432182090944	0.198554091015525	0.0927619150457417	0.0752087785098506	0.452817947781653	0.666486742934697
chr14	21128116	21128210	-	tRNA-Tyr-GTA-7-1	0.172483823542868	0.137451558636389	0.112226225356601	0.132517021493917	0.0902505342118208	0.0670841404120967	0.222162247644899
chr9	14433937	14434009	-	tRNA-His-GTG-1-6	0.172483823542868	0.2474128055455	0.250350810410879	0.145768723643308	0.165459312721671	0.0838551755151209	0.174556051720992
chr1	16847079	16847153	-	tRNA-Asn-GTT-5-1	0.172483823542868	0.137451558636389	0.120859011922493	0.132517021493917	0.135375801317731	0.100626210618145	0.0952123918478139
chr19	36066749	36066822	+	tRNA-Lys-CTT-10-1	0.172483823542868	0.261157961409139	0.207186877581417	0.265034042987833	0.150417557019701	0.100626210618145	0.158687319746357
chr11	59323901	59323974	+	tRNA-Lys-TTT-5-1	0.172483823542868	0.0824709351818333	0.215819664147309	0.106013617195133	0.0601670228078805	0.134168280824193	0.285637175543442
chr6	26575797	26575887	+	tRNA-Tyr-GTA-8-1	0.172483823542868	0.192432182090944	0.224452450713202	0.172272127942092	0.240668091231522	0.167710351030242	0.142818587771721
chr17	29877092	29877164	+	tRNA-Thr-CGT-4-1	0.172483823542868	0.233667649681861	0.241718023844987	0.106013617195133	0.0902505342118208	2.04606628256895	1.68208558931138
chr6	58149253	58149327	+	tRNA-Ile-AAT-1-1	0.188164171137674	0.206177337954583	0.189921304449632	0.198775532240875	0.210584579827582	0.117397245721169	0.142818587771721
chr6	27302768	27302841	-	tRNA-Lys-TTT-6-1	0.188164171137674	0.233667649681861	0.189921304449632	0.185523830091483	0.165459312721671	0.100626210618145	0.206293515670263
chr7	149332777	149332849	+	tRNA-Cys-GCA-9-3	0.188164171137674	0.151196714500028	0.129491798488386	0.132517021493917	0.135375801317731	0.167710351030242	0.11108112382245
chr11	59327807	59327880	-	tRNA-Lys-TTT-3-4	0.188164171137674	0.219922493818222	0.129491798488386	0.0927619150457417	0.0902505342118208	0.0838551755151209	0.158687319746357
chr1	222638346	222638419	+	tRNA-Thr-TGT-2-1	0.188164171137674	0.192432182090944	0.258983596976771	0.07951021289635	0.0752087785098506	0.385733807369556	0.444324495289798
chr6	26745254	26745328	-	tRNA-Ile-AAT-6-1	0.188164171137674	0.137451558636389	0.198554091015525	0.212027234390267	0.135375801317731	0.184481386133266	0.174556051720992
chr6	26780831	26780905	+	tRNA-Ile-AAT-7-2	0.188164171137674	0.151196714500028	0.189921304449632	0.251782340838442	0.195542824125612	0.167710351030242	0.126949855797085
chr9	112960802	112960875	+	tRNA-Arg-TCG-6-1	0.203844518732481	0.137451558636389	0.069062292527139	0.132517021493917	0.150417557019701	0.0838551755151209	0.174556051720992
chr16	3241500	3241573	+	tRNA-Lys-CTT-4-1	0.203844518732481	0.137451558636389	0.276249170108556	0.225278936539658	0.180501068423642	0.335420702060484	0.36498083541662
chr6	58168491	58168564	-	tRNA-Met-CAT-7-1	0.203844518732481	0.219922493818222	0.129491798488386	0.265034042987833	0.285793358337432	0.0838551755151209	0.158687319746357
chr6	28911398	28911480	-	tRNA-Leu-AAG-2-2	0.203844518732481	0.0962160910454722	0.112226225356601	0.0927619150457417	0.0451252671059104	0.0670841404120967	0.0634749278985426
chr6	27515530	27515602	-	tRNA-Gln-CTG-2-1	0.203844518732481	0.192432182090944	0.250350810410879	0.251782340838442	0.165459312721671	0.218023456339314	0.36498083541662
chr15	80036996	80037069	+	tRNA-Cys-GCA-5-1	0.203844518732481	0.206177337954583	0.189921304449632	0.145768723643308	0.180501068423642	0.0670841404120967	0.126949855797085
chr1	144301610	144301684	+	tRNA-Asn-GTT-11-1	0.203844518732481	0.2474128055455	0.293514743240341	0.172272127942092	0.210584579827582	0.251565526545363	0.301505907518077
chr17	8029063	8029134	+	tRNA-Gly-GCC-2-6	0.203844518732481	0.178687026227306	0.215819664147309	0.106013617195133	0.150417557019701	0.31864966695746	0.412587031340527
chr6	27551235	27551307	-	tRNA-Asp-GTC-3-1	0.203844518732481	0.302393429000055	0.319413102938018	0.251782340838442	0.0752087785098506	0.100626210618145	0.142818587771721
chr14	21125622	21125716	-	tRNA-Tyr-GTA-4-1	0.203844518732481	0.206177337954583	0.155390158186063	0.225278936539658	0.150417557019701	0.117397245721169	0.25389971159417
chr7	149112228	149112300	-	tRNA-Cys-GCA-11-1	0.203844518732481	0.206177337954583	0.14675737162017	0.172272127942092	0.210584579827582	0.134168280824193	0.190424783695628
chr6	28574932	28575004	+	tRNA-Ala-AGC-3-1	0.203844518732481	0.12370640277275	0.138124585054278	0.0662585107469583	0.0451252671059104	0.100626210618145	0.047606195923907
chr1	161450355	161450426	+	tRNA-Gly-GCC-4-1	0.203844518732481	0.0962160910454722	0.233085237279094	0.304789149436008	0.165459312721671	0.134168280824193	0.142818587771721
chr21	18827106	18827177	-	tRNA-Gly-GCC-1-5	0.219524866327287	0.302393429000055	0.345311462635695	0.119265319344525	0.165459312721671	0.0670841404120967	0.0793436598731783
chr7	128423503	128423575	+	tRNA-Pro-AGG-2-3	0.219524866327287	0.274903117272778	0.388475395465157	0.185523830091483	0.210584579827582	0.134168280824193	0.158687319746357
chr6	27499986	27500068	+	tRNA-Ser-AGA-3-1	0.219524866327287	0.206177337954583	0.189921304449632	0.185523830091483	0.240668091231522	0.117397245721169	0.142818587771721
chr13	95201903	95201976	-	tRNA-Phe-GAA-1-5	0.219524866327287	0.178687026227306	0.189921304449632	0.0662585107469583	0.0902505342118208	1.37522487844798	1.33297348586939
chr6	28949975	28950047	+	tRNA-Glu-CTC-1-6	0.219524866327287	0.302393429000055	0.112226225356601	0.0530068085975667	0.0300835114039403	0.0503131053090726	0.0793436598731783
chr6	27688897	27688980	-	tRNA-Leu-TAA-2-1	0.219524866327287	0.302393429000055	0.138124585054278	0.212027234390267	0.285793358337432	0.234794491442339	0.11108112382245
chr6	26305720	26305798	-	tRNA-Ser-GCT-6-1	0.219524866327287	0.219922493818222	0.250350810410879	0.1590204257927	0.120334045615761	0.150939315927218	0.222162247644899
chr6	27242989	27243063	-	tRNA-Ile-AAT-3-1	0.219524866327287	0.137451558636389	0.189921304449632	0.225278936539658	0.210584579827582	0.167710351030242	0.11108112382245
chr16	3241988	3242060	+	tRNA-Pro-AGG-1-1	0.219524866327287	0.2474128055455	0.164022944751955	0.185523830091483	0.285793358337432	0.100626210618145	0.25389971159417
chr16	57333862	57333945	+	tRNA-Leu-CAG-2-1	0.219524866327287	0.412354675909167	0.336678676069803	0.145768723643308	0.165459312721671	0.385733807369556	0.444324495289798
chr6	27241738	27241812	+	tRNA-Ile-AAT-9-1	0.219524866327287	0.109961246909111	0.138124585054278	0.265034042987833	0.165459312721671	0.100626210618145	0.126949855797085
chr6	27258404	27258477	+	tRNA-Val-TAC-4-1	0.219524866327287	0.261157961409139	0.336678676069803	0.278285745137225	0.210584579827582	0.285107596751411	0.0793436598731783
chr7	149074600	149074672	-	tRNA-Cys-GCA-10-1	0.219524866327287	0.12370640277275	0.14675737162017	0.1590204257927	0.225626335529552	0.0670841404120967	0.174556051720992
chr15	66161399	66161471	-	tRNA-Gln-CTG-1-4	0.219524866327287	0.316138584863694	0.388475395465157	0.225278936539658	0.345960381145313	0.603757263708871	1.09494250624986
chr17	8089675	8089747	+	tRNA-Trp-CCA-3-3	0.219524866327287	0.219922493818222	0.233085237279094	0.1590204257927	0.195542824125612	1.37522487844798	2.07880388867727
chr19	1383561	1383635	+	tRNA-Asn-GTT-2-6	0.219524866327287	0.384864364181889	0.250350810410879	0.07951021289635	0.0601670228078805	1.72741661561149	2.77702809556124
chr11	59318766	59318852	+	tRNA-Arg-TCT-3-2	0.219524866327287	0.151196714500028	0.198554091015525	0.0927619150457417	0.150417557019701	0.117397245721169	0.333243371467349
chr6	27648884	27648957	-	tRNA-Val-AAC-4-1	0.219524866327287	0.219922493818222	0.138124585054278	0.185523830091483	0.225626335529552	0.167710351030242	0.25389971159417
chr17	8024242	8024330	+	tRNA-Arg-TCT-2-1	0.219524866327287	0.164941870363667	0.138124585054278	0.132517021493917	0.120334045615761	0.301878631854435	0.285637175543442
chr17	8125555	8125627	-	tRNA-Asp-GTC-2-11	0.219524866327287	0.219922493818222	0.14675737162017	0.106013617195133	0.210584579827582	2.90138907282318	3.14200893097786
chr12	125411890	125411962	-	tRNA-Asp-GTC-2-9	0.219524866327287	0.316138584863694	0.388475395465157	0.07951021289635	0.300835114039403	0.234794491442339	0.650618010960062
chr11	59318459	59318532	-	tRNA-Val-TAC-2-1	0.219524866327287	0.274903117272778	0.293514743240341	0.106013617195133	0.0752087785098506	0.31864966695746	0.349112103441984
chr7	149052765	149052837	-	tRNA-Cys-GCA-13-1	0.235205213922093	0.151196714500028	0.250350810410879	0.212027234390267	0.210584579827582	0.150939315927218	0.174556051720992
chr6	58196622	58196695	-	tRNA-Ala-AGC-16-1	0.235205213922093	0.206177337954583	0.250350810410879	0.23853063868905	0.150417557019701	0.117397245721169	0.158687319746357
chr7	149281815	149281887	+	tRNA-Cys-GCA-15-1	0.235205213922093	0.12370640277275	0.129491798488386	0.278285745137225	0.210584579827582	0.134168280824193	0.126949855797085
chr17	36908033	36908107	-	tRNA-Asn-GTT-2-5	0.235205213922093	0.288648273136417	0.258983596976771	0.106013617195133	0.135375801317731	0.402504842472581	0.745830402807876
chr16	22207031	22207113	-	tRNA-Leu-TAG-3-1	0.235205213922093	0.288648273136417	0.250350810410879	0.185523830091483	0.255709846933492	0.167710351030242	0.396718299365891
chr10	5895673	5895746	-	tRNA-Val-TAC-3-1	0.235205213922093	0.164941870363667	0.302147529806233	0.251782340838442	0.210584579827582	0.134168280824193	0.142818587771721
chr6	27759134	27759206	-	tRNA-Gln-CTG-6-1	0.235205213922093	0.494825611091	0.310780316372126	0.1590204257927	0.105292289913791	0.167710351030242	0.222162247644899
chr6	26577331	26577420	+	tRNA-Tyr-GTA-3-1	0.235205213922093	0.12370640277275	0.198554091015525	0.132517021493917	0.195542824125612	0.117397245721169	0.158687319746357
chr12	98898029	98898101	+	tRNA-Trp-CCA-4-1	0.235205213922093	0.302393429000055	0.32804588950391	0.185523830091483	0.315876869741373	0.469588982884677	0.793436598731783
chr6	27463592	27463674	+	tRNA-Ser-AGA-2-3	0.250885561516899	0.302393429000055	0.50933440738765	0.185523830091483	0.255709846933492	0.134168280824193	0.158687319746357
chr1	167683961	167684033	+	tRNA-Pro-CGG-1-1	0.250885561516899	0.384864364181889	0.250350810410879	0.132517021493917	0.135375801317731	0.553444158399798	1.31710475389476
chr16	57334391	57334474	-	tRNA-Leu-CAG-2-2	0.250885561516899	0.426099831772805	0.353944249201587	0.132517021493917	0.150417557019701	0.368962772266532	0.412587031340527
chr16	3222048	3222120	+	tRNA-Pro-CGG-1-2	0.250885561516899	0.274903117272778	0.198554091015525	0.0927619150457417	0.150417557019701	0.234794491442339	0.317374639492713
chr1	17188415	17188486	+	tRNA-Gly-CCC-1-2	0.250885561516899	0.453590143500083	0.423006541728726	0.198775532240875	0.0752087785098506	2.33117387932036	0.142818587771721
chr16	71460395	71460468	+	tRNA-Met-CAT-2-1	0.250885561516899	0.178687026227306	0.258983596976771	0.344544255884183	0.240668091231522	0.251565526545363	0.158687319746357
chr6	26721220	26721294	-	tRNA-Ile-AAT-7-1	0.250885561516899	0.0962160910454722	0.207186877581417	0.132517021493917	0.240668091231522	0.134168280824193	0.126949855797085
chr16	14379749	14379821	+	tRNA-Thr-CGT-2-1	0.250885561516899	0.261157961409139	0.319413102938018	0.225278936539658	0.210584579827582	0.385733807369556	0.555405619112248
chr14	21121257	21121351	-	tRNA-Tyr-GTA-5-3	0.250885561516899	0.164941870363667	0.198554091015525	0.185523830091483	0.105292289913791	0.0670841404120967	0.238030979619535
chr6	28510890	28510963	-	tRNA-Arg-TCG-5-1	0.250885561516899	0.178687026227306	0.284881956674448	0.132517021493917	0.105292289913791	0.31864966695746	0.238030979619535
chr1	149615616	149615690	-	tRNA-Asn-GTT-11-2	0.250885561516899	0.192432182090944	0.18128851788374	0.145768723643308	0.285793358337432	0.419275877575605	0.349112103441984
chr2	43037675	43037768	+	tRNA-Ile-TAT-2-1	0.250885561516899	0.343628896590972	0.293514743240341	0.119265319344525	0.180501068423642	1.14043038700564	1.12667997019913
chr7	149028219	149028291	+	tRNA-Cys-GCA-9-2	0.250885561516899	0.0824709351818333	0.14675737162017	0.23853063868905	0.135375801317731	0.20125242123629	0.11108112382245
chr11	66115590	66115672	+	tRNA-Ser-GCT-3-1	0.250885561516899	0.2474128055455	0.276249170108556	0.172272127942092	0.165459312721671	0.92240693066633	1.3805796817933
chr6	27870270	27870342	-	tRNA-iMet-CAT-1-7	0.266565909111705	0.288648273136417	0.233085237279094	0.172272127942092	0.0451252671059104	0.20125242123629	0.222162247644899
chr11	59324969	59325042	-	tRNA-Phe-GAA-1-3	0.266565909111705	0.137451558636389	0.224452450713202	0.07951021289635	0.120334045615761	0.167710351030242	0.238030979619535
chr6	28446399	28446481	-	tRNA-Leu-AAG-4-1	0.266565909111705	0.137451558636389	0.293514743240341	0.251782340838442	0.361002136847283	0.20125242123629	0.174556051720992
chr6	27599199	27599293	+	tRNA-Ile-TAT-2-3	0.266565909111705	0.261157961409139	0.302147529806233	0.0927619150457417	0.285793358337432	0.100626210618145	0.285637175543442
chr16	70812113	70812184	-	tRNA-Gly-GCC-3-1	0.266565909111705	0.261157961409139	0.233085237279094	0.1590204257927	0.120334045615761	0.167710351030242	0.0952123918478139
chr1	94313128	94313213	+	tRNA-Arg-TCT-1-1	0.266565909111705	0.164941870363667	0.207186877581417	0.106013617195133	0.180501068423642	3.03555735364738	4.47498241684725
chr6	27300763	27300835	-	tRNA-iMet-CAT-1-5	0.266565909111705	0.412354675909167	0.423006541728726	0.1590204257927	0.165459312721671	0.117397245721169	0.126949855797085
chr6	26286753	26286825	+	tRNA-iMet-CAT-1-2	0.266565909111705	0.384864364181889	0.345311462635695	0.145768723643308	0.120334045615761	0.335420702060484	0.999730114402046
chr16	3225691	3225764	+	tRNA-Lys-CTT-2-5	0.266565909111705	0.261157961409139	0.172655731317848	0.225278936539658	0.0752087785098506	0.218023456339314	0.36498083541662
chr6	27513467	27513549	+	tRNA-Ser-TGA-2-1	0.266565909111705	0.343628896590972	0.198554091015525	0.1590204257927	0.285793358337432	0.117397245721169	0.158687319746357
chr1	147800936	147801008	+	tRNA-Gln-CTG-7-1	0.266565909111705	0.288648273136417	0.198554091015525	0.344544255884183	0.330918625443343	0.335420702060484	0.158687319746357
chr1	16872433	16872504	-	tRNA-Gly-CCC-1-1	0.266565909111705	0.494825611091	0.414373755162834	0.198775532240875	0.225626335529552	2.68336561648387	0.190424783695628
chr6	26555497	26555569	+	tRNA-Pro-AGG-2-2	0.282246256706511	0.646022325591028	0.423006541728726	0.106013617195133	0.165459312721671	0.31864966695746	0.190424783695628
chr5	180591153	180591226	+	tRNA-Val-AAC-1-2	0.282246256706511	0.357374052454611	0.310780316372126	0.185523830091483	0.195542824125612	0.117397245721169	0.11108112382245
chr6	26299904	26299977	+	tRNA-Arg-TCG-4-1	0.282246256706511	0.164941870363667	0.164022944751955	0.145768723643308	0.225626335529552	0.100626210618145	0.174556051720992
chr17	73030525	73030598	-	tRNA-Arg-CCT-2-1	0.282246256706511	0.261157961409139	0.258983596976771	0.106013617195133	0.195542824125612	1.47585108906613	1.84077290905774
chr14	21077494	21077566	-	tRNA-Pro-AGG-2-5	0.282246256706511	0.398609520045528	0.371209822333372	0.172272127942092	0.210584579827582	0.150939315927218	0.174556051720992
chr10	22518437	22518511	-	tRNA-Asn-GTT-2-3	0.282246256706511	0.549806234545555	0.448904901426404	0.0927619150457417	0.135375801317731	1.47585108906613	2.68181570371343
chr17	8124865	8124937	+	tRNA-Gly-TCC-3-1	0.282246256706511	0.274903117272778	0.293514743240341	0.132517021493917	0.195542824125612	3.1194125291625	3.41177737454667
chr6	27745663	27745735	+	tRNA-iMet-CAT-2-1	0.282246256706511	0.192432182090944	0.207186877581417	0.1590204257927	0.195542824125612	0.100626210618145	0.0634749278985426
chr1	145979033	145979107	-	tRNA-Asn-GTT-9-1	0.282246256706511	0.261157961409139	0.258983596976771	0.371047660182967	0.376043892549253	0.268336561648387	0.222162247644899
chr17	73030000	73030073	+	tRNA-Arg-CCT-1-1	0.282246256706511	0.274903117272778	0.267616383542664	0.119265319344525	0.180501068423642	1.30814073803589	1.44405460969184
chr17	37310743	37310815	-	tRNA-Cys-GCA-2-4	0.282246256706511	0.178687026227306	0.207186877581417	0.0662585107469583	0.120334045615761	1.00626210618145	1.28536728994549
chr17	19411493	19411565	+	tRNA-Trp-CCA-2-1	0.282246256706511	0.206177337954583	0.198554091015525	0.23853063868905	0.165459312721671	0.754696579636088	0.650618010960062
chr6	26758549	26758622	-	tRNA-Met-CAT-4-2	0.282246256706511	0.412354675909167	0.267616383542664	0.198775532240875	0.120334045615761	0.251565526545363	0.0952123918478139
chr6	27181622	27181695	-	tRNA-Arg-ACG-2-2	0.282246256706511	0.329883740727333	0.293514743240341	0.265034042987833	0.195542824125612	0.117397245721169	0.142818587771721
chr6	26673589	26673662	+	tRNA-Ala-AGC-14-1	0.282246256706511	0.178687026227306	0.336678676069803	0.384299362332358	0.315876869741373	0.134168280824193	0.333243371467349
chr1	145963303	145963375	+	tRNA-Gln-CTG-3-1	0.282246256706511	0.192432182090944	0.267616383542664	0.278285745137225	0.330918625443343	0.234794491442339	0.269768443568806
chr7	149361914	149361986	+	tRNA-Cys-GCA-21-1	0.282246256706511	0.219922493818222	0.198554091015525	0.251782340838442	0.165459312721671	0.134168280824193	0.206293515670263
chr7	149072849	149072921	-	tRNA-Cys-GCA-18-1	0.297926604301318	0.178687026227306	0.164022944751955	0.265034042987833	0.195542824125612	0.117397245721169	0.301505907518077
chr14	89445441	89445514	+	tRNA-Ala-AGC-15-1	0.297926604301318	0.549806234545555	0.379842608899265	0.212027234390267	0.345960381145313	0.218023456339314	0.11108112382245
chr6	26595101	26595190	+	tRNA-Tyr-GTA-6-1	0.297926604301318	0.494825611091	0.293514743240341	0.172272127942092	0.135375801317731	0.150939315927218	0.269768443568806
chr6	26682714	26682787	+	tRNA-Ala-AGC-12-1	0.297926604301318	0.206177337954583	0.207186877581417	0.3180408515854	0.255709846933492	0.100626210618145	0.206293515670263
chr8	67025601	67025694	+	tRNA-Tyr-GTA-5-1	0.297926604301318	0.233667649681861	0.267616383542664	0.106013617195133	0.0902505342118208	5.80277814564637	6.60139250144843
chr6	27471522	27471594	+	tRNA-Asp-GTC-2-7	0.297926604301318	0.453590143500083	0.405740968596942	0.304789149436008	0.195542824125612	0.134168280824193	0.269768443568806
chr15	26327380	26327452	-	tRNA-Glu-TTC-2-2	0.297926604301318	0.577296546272833	0.552498340217112	0.07951021289635	0.105292289913791	0.184481386133266	0.222162247644899
chr6	27182951	27183024	+	tRNA-Arg-ACG-2-3	0.297926604301318	0.261157961409139	0.198554091015525	0.185523830091483	0.180501068423642	0.419275877575605	0.206293515670263
chr16	3208922	3208994	+	tRNA-Pro-TGG-3-3	0.297926604301318	0.233667649681861	0.32804588950391	0.198775532240875	0.315876869741373	3.65608565245927	3.74502074601401
chr16	686735	686806	-	tRNA-Gly-CCC-2-2	0.297926604301318	0.481080455227361	0.371209822333372	0.212027234390267	0.150417557019701	3.94119324921068	5.07799423188341
chr16	3232634	3232706	-	tRNA-Pro-AGG-2-7	0.297926604301318	0.137451558636389	0.215819664147309	0.251782340838442	0.180501068423642	0.134168280824193	0.460193227264434
chr1	147753470	147753542	+	tRNA-His-GTG-1-3	0.297926604301318	0.316138584863694	0.293514743240341	0.304789149436008	0.376043892549253	0.268336561648387	0.25389971159417
chr3	45730490	45730563	-	tRNA-Arg-ACG-2-1	0.297926604301318	0.412354675909167	0.293514743240341	0.0530068085975667	0.0451252671059104	0.637299333914919	1.20602363007231
chr5	180596609	180596682	+	tRNA-Val-AAC-1-3	0.297926604301318	0.536061078681917	0.353944249201587	0.225278936539658	0.300835114039403	0.268336561648387	0.571274351086884
chr16	3243917	3243990	+	tRNA-Arg-CCT-5-1	0.297926604301318	0.164941870363667	0.18128851788374	0.132517021493917	0.105292289913791	0.100626210618145	0.158687319746357
chr6	26771289	26771362	-	tRNA-Ala-AGC-9-2	0.313606951896124	0.398609520045528	0.250350810410879	0.145768723643308	0.210584579827582	0.0838551755151209	0.158687319746357
chr13	31248100	31248174	-	tRNA-Asn-GTT-2-4	0.313606951896124	0.302393429000055	0.371209822333372	0.225278936539658	0.210584579827582	0.301878631854435	0.396718299365891
chr1	161409960	161410032	-	tRNA-Gly-TCC-4-1	0.313606951896124	0.288648273136417	0.36257703576748	0.225278936539658	0.315876869741373	0.469588982884677	0.555405619112248
chr12	56584147	56584229	+	tRNA-Ser-CGA-4-1	0.313606951896124	0.219922493818222	0.189921304449632	0.185523830091483	0.240668091231522	1.1068883167996	2.96745287925687
chr16	3238093	3238165	+	tRNA-Pro-TGG-3-5	0.313606951896124	0.288648273136417	0.267616383542664	0.304789149436008	0.165459312721671	1.69387454540544	1.96772276485482
chr6	27177627	27177709	+	tRNA-Ser-CGA-2-1	0.313606951896124	0.274903117272778	0.233085237279094	0.212027234390267	0.180501068423642	0.184481386133266	0.0952123918478139
chr19	39902807	39902900	-	tRNA-Ile-TAT-1-1	0.313606951896124	0.508570766954639	0.345311462635695	0.1590204257927	0.105292289913791	0.452817947781653	0.825174062681054
chr6	26735573	26735646	-	tRNA-Met-CAT-4-1	0.313606951896124	0.357374052454611	0.353944249201587	0.344544255884183	0.255709846933492	0.251565526545363	0.174556051720992
chr6	27248048	27248121	-	tRNA-Val-CAC-2-1	0.32928729949093	0.261157961409139	0.32804588950391	0.119265319344525	0.330918625443343	0.637299333914919	0.349112103441984
chr6	27570347	27570454	-	tRNA-Leu-CAA-3-1	0.32928729949093	0.109961246909111	0.103593438790709	0.23853063868905	0.300835114039403	0.134168280824193	0.238030979619535
chr6	26766443	26766516	+	tRNA-Met-CAT-4-3	0.32928729949093	0.357374052454611	0.405740968596942	0.0927619150457417	0.120334045615761	0.251565526545363	0.222162247644899
chr16	3230554	3230627	-	tRNA-Lys-CTT-5-1	0.32928729949093	0.12370640277275	0.18128851788374	0.265034042987833	0.180501068423642	0.134168280824193	0.269768443568806
chr6	27638343	27638416	-	tRNA-Arg-ACG-2-4	0.32928729949093	0.384864364181889	0.423006541728726	0.0662585107469583	0.180501068423642	0.234794491442339	0.269768443568806
chr6	27487307	27487379	+	tRNA-Gln-CTG-1-2	0.32928729949093	0.61853201386375	0.561131126783004	0.185523830091483	0.300835114039403	0.268336561648387	0.285637175543442
chr16	73512215	73512288	-	tRNA-Lys-TTT-1-1	0.32928729949093	0.288648273136417	0.233085237279094	0.251782340838442	0.195542824125612	0.0670841404120967	0.222162247644899
chr6	126101392	126101464	-	tRNA-Glu-CTC-1-7	0.32928729949093	0.37111920831825	0.32804588950391	0.145768723643308	0.120334045615761	0.0670841404120967	0.158687319746357
chr7	149007280	149007352	+	tRNA-Cys-GCA-1-1	0.32928729949093	0.61853201386375	0.414373755162834	0.265034042987833	0.135375801317731	0.150939315927218	0.142818587771721
chr7	99067306	99067378	+	tRNA-Trp-CCA-5-1	0.32928729949093	0.288648273136417	0.293514743240341	0.437306170929925	0.391085648251223	0.352191737163508	0.650618010960062
chr2	27273649	27273738	+	tRNA-Tyr-GTA-2-1	0.32928729949093	0.467335299363722	0.414373755162834	0.198775532240875	0.120334045615761	0.872093825357258	1.41231714574257
chr14	21101164	21101236	+	tRNA-Pro-TGG-1-1	0.32928729949093	0.426099831772805	0.371209822333372	0.278285745137225	0.240668091231522	0.251565526545363	0.174556051720992
chr6	27065084	27065166	+	tRNA-Ser-GCT-1-1	0.32928729949093	0.288648273136417	0.353944249201587	0.145768723643308	0.105292289913791	0.402504842472581	0.25389971159417
chr6	26311423	26311495	-	tRNA-Gln-TTG-3-1	0.32928729949093	0.536061078681917	0.474803261124081	0.145768723643308	0.195542824125612	0.184481386133266	0.0952123918478139
chr1	161369489	161369562	-	tRNA-Val-CAC-1-1	0.344967647085736	0.439844987636444	0.36257703576748	0.172272127942092	0.225626335529552	7.81530235800927	7.41069783215485
chr17	8022472	8022545	+	tRNA-Lys-TTT-3-5	0.344967647085736	0.467335299363722	0.276249170108556	0.0927619150457417	0.165459312721671	0.31864966695746	0.428455763315163
chr12	125406300	125406372	-	tRNA-Ala-TGC-3-2	0.344967647085736	0.37111920831825	0.310780316372126	0.0927619150457417	0.210584579827582	0.167710351030242	0.222162247644899
chr16	22308460	22308542	+	tRNA-Leu-AAG-2-4	0.344967647085736	0.302393429000055	0.423006541728726	0.0530068085975667	0.300835114039403	4.15921670555	3.07853400307932
chr1	146544772	146544844	+	tRNA-His-GTG-1-2	0.344967647085736	0.137451558636389	0.267616383542664	0.39755106448175	0.361002136847283	0.234794491442339	0.301505907518077
chr17	8042198	8042280	-	tRNA-Ser-CGA-1-1	0.344967647085736	0.384864364181889	0.32804588950391	0.106013617195133	0.180501068423642	0.285107596751411	0.682355474909333
chr6	27559592	27559665	-	tRNA-Lys-TTT-4-1	0.344967647085736	0.357374052454611	0.258983596976771	0.1590204257927	0.120334045615761	0.100626210618145	0.174556051720992
chr12	125412388	125412461	-	tRNA-Phe-GAA-1-4	0.344967647085736	0.37111920831825	0.397108182031049	0.07951021289635	0.195542824125612	0.888864860460282	1.31710475389476
chr1	249168446	249168518	+	tRNA-Glu-CTC-2-1	0.344967647085736	0.384864364181889	0.36257703576748	0.172272127942092	0.165459312721671	0.100626210618145	0.047606195923907
chr15	45493348	45493420	+	tRNA-His-GTG-1-9	0.360647994680542	0.316138584863694	0.319413102938018	0.198775532240875	0.120334045615761	0.301878631854435	0.523668155162976
chr6	27586134	27586208	+	tRNA-Thr-CGT-5-1	0.360647994680542	0.439844987636444	0.457537687992296	0.132517021493917	0.270751602635462	0.419275877575605	0.72996167083324
chr1	161493636	161493707	-	tRNA-Gly-GCC-2-1	0.360647994680542	0.151196714500028	0.215819664147309	0.23853063868905	0.210584579827582	0.184481386133266	0.238030979619535
chr6	26328367	26328440	+	tRNA-Arg-ACG-1-1	0.360647994680542	0.384864364181889	0.483436047689973	0.0927619150457417	0.240668091231522	0.20125242123629	0.158687319746357
chr6	27263211	27263283	+	tRNA-Gln-CTG-5-1	0.360647994680542	0.384864364181889	0.388475395465157	0.225278936539658	0.255709846933492	0.301878631854435	0.142818587771721
chr16	87417627	87417700	-	tRNA-Met-CAT-6-1	0.360647994680542	0.302393429000055	0.293514743240341	0.185523830091483	0.195542824125612	3.32066495039879	4.03065792155746
chr6	27618706	27618779	-	tRNA-Val-AAC-3-1	0.360647994680542	0.439844987636444	0.310780316372126	0.384299362332358	0.285793358337432	0.134168280824193	0.158687319746357
chr16	3202900	3202973	+	tRNA-Arg-CCT-3-1	0.360647994680542	0.563551390409194	0.405740968596942	0.225278936539658	0.210584579827582	0.167710351030242	0.190424783695628
chr15	79152903	79152976	+	tRNA-Lys-CTT-1-2	0.360647994680542	0.357374052454611	0.258983596976771	0.185523830091483	0.150417557019701	0.134168280824193	0.0952123918478139
chr11	75946556	75946628	+	tRNA-Pro-AGG-2-4	0.360647994680542	0.563551390409194	0.500701620821758	0.132517021493917	0.0902505342118208	0.603757263708871	0.936255186503503
chr1	145395521	145395594	-	tRNA-Lys-CTT-2-1	0.360647994680542	0.508570766954639	0.431639328294619	0.304789149436008	0.270751602635462	0.503131053090726	0.809305330706418
chr2	27274081	27274154	+	tRNA-Ala-AGC-8-1	0.360647994680542	0.426099831772805	0.371209822333372	0.132517021493917	0.150417557019701	2.64982354627782	2.57073457989098
chr14	21093528	21093610	+	tRNA-Leu-TAG-2-1	0.360647994680542	0.412354675909167	0.431639328294619	0.1590204257927	0.150417557019701	0.0838551755151209	0.222162247644899
chr5	180615853	180615925	-	tRNA-Pro-TGG-3-1	0.360647994680542	0.412354675909167	0.483436047689973	0.225278936539658	0.315876869741373	0.989491071078427	1.19015489809767
chr17	8124186	8124258	-	tRNA-Trp-CCA-1-1	0.376328342275349	0.632277169727389	0.681990138705498	0.172272127942092	0.195542824125612	1.89512696664173	0.904517722554232
chr14	21151431	21151520	+	tRNA-Tyr-GTA-5-5	0.376328342275349	0.426099831772805	0.440272114860511	0.198775532240875	0.165459312721671	2.38148698462943	2.06293515670263
chr11	59333852	59333925	-	tRNA-Phe-GAA-2-1	0.376328342275349	0.536061078681917	0.50933440738765	0.07951021289635	0.105292289913791	0.452817947781653	0.349112103441984
chr6	27870685	27870756	-	tRNA-Gly-GCC-2-3	0.376328342275349	0.591041702136472	0.466170474558188	0.132517021493917	0.195542824125612	0.452817947781653	0.571274351086884
chr6	26331671	26331743	-	tRNA-Trp-CCA-3-2	0.376328342275349	0.439844987636444	0.457537687992296	0.145768723643308	0.315876869741373	0.100626210618145	0.206293515670263
chr6	26330528	26330600	-	tRNA-iMet-CAT-1-4	0.376328342275349	0.591041702136472	0.492068834255865	0.185523830091483	0.135375801317731	0.100626210618145	0.0793436598731783
chr17	8130308	8130382	-	tRNA-Ile-AAT-4-1	0.376328342275349	0.357374052454611	0.36257703576748	0.145768723643308	0.165459312721671	0.72115450943004	1.3805796817933
chr1	147520766	147520840	-	tRNA-Asn-GTT-9-2	0.376328342275349	0.233667649681861	0.224452450713202	0.291537447286617	0.270751602635462	0.234794491442339	0.25389971159417
chr15	45490803	45490875	-	tRNA-His-GTG-1-7	0.376328342275349	0.343628896590972	0.224452450713202	0.106013617195133	0.165459312721671	0.167710351030242	0.460193227264434
chr1	147774844	147774916	-	tRNA-His-GTG-1-4	0.376328342275349	0.219922493818222	0.284881956674448	0.39755106448175	0.330918625443343	0.117397245721169	0.301505907518077
chr1	147505037	147505109	+	tRNA-Gln-CTG-3-2	0.392008689870155	0.206177337954583	0.241718023844987	0.450557873079317	0.345960381145313	0.301878631854435	0.238030979619535
chr6	27144993	27145067	-	tRNA-Ile-AAT-5-2	0.392008689870155	0.329883740727333	0.474803261124081	0.291537447286617	0.210584579827582	0.654070369017943	0.793436598731783
chr1	161410614	161410686	-	tRNA-Asp-GTC-2-1	0.392008689870155	0.357374052454611	0.388475395465157	0.251782340838442	0.300835114039403	1.79450075602359	1.8249041770831
chr1	161581735	161581819	-	tRNA-Leu-CAA-6-1	0.392008689870155	0.536061078681917	0.621560632744251	0.265034042987833	0.240668091231522	0.989491071078427	0.682355474909333
chr6	27721178	27721251	-	tRNA-Val-AAC-1-5	0.407689037464961	0.316138584863694	0.345311462635695	0.198775532240875	0.195542824125612	1.09011728169657	1.17428616612304
chr6	58182678	58182751	-	tRNA-Ala-AGC-12-3	0.407689037464961	0.274903117272778	0.319413102938018	0.304789149436008	0.285793358337432	0.134168280824193	0.158687319746357
chr1	147737381	147737453	-	tRNA-Gln-CTG-4-1	0.407689037464961	0.577296546272833	0.440272114860511	0.331292553734792	0.225626335529552	0.72115450943004	0.793436598731783
chr16	3200674	3200747	+	tRNA-Arg-CCG-1-3	0.407689037464961	0.302393429000055	0.345311462635695	0.198775532240875	0.195542824125612	0.805009684945161	1.33297348586939
chr1	167684724	167684796	-	tRNA-Pro-AGG-2-1	0.407689037464961	0.522315922818278	0.336678676069803	0.145768723643308	0.150417557019701	0.352191737163508	0.634749278985426
chr6	27265774	27265856	+	tRNA-Ser-GCT-2-1	0.423369385059767	0.261157961409139	0.345311462635695	0.172272127942092	0.270751602635462	0.150939315927218	0.126949855797085
chr15	40886022	40886104	-	tRNA-Ser-GCT-4-2	0.423369385059767	1.56694776845483	1.30355077144975	0.106013617195133	0.225626335529552	0.31864966695746	0.571274351086884
chr17	8126150	8126222	-	tRNA-Pro-CGG-1-3	0.423369385059767	0.274903117272778	0.258983596976771	0.172272127942092	0.135375801317731	2.16346352829012	2.50725965199243
chr11	75946868	75946940	-	tRNA-Pro-TGG-2-1	0.423369385059767	0.577296546272833	0.517967193953543	0.185523830091483	0.150417557019701	0.452817947781653	0.856911526630325
chr19	45981848	45981945	-	tRNA-SeC-TCA-1-1	0.423369385059767	0.384864364181889	0.552498340217112	0.1590204257927	0.120334045615761	0.805009684945161	0.98386138242741
chr6	26687484	26687557	+	tRNA-Ala-AGC-10-1	0.423369385059767	0.37111920831825	0.293514743240341	0.39755106448175	0.451252671059104	0.301878631854435	0.25389971159417
chr6	26554349	26554423	+	tRNA-Ile-AAT-5-1	0.423369385059767	0.577296546272833	0.32804588950391	0.265034042987833	0.195542824125612	0.184481386133266	0.301505907518077
chr6	27763639	27763711	-	tRNA-Gln-TTG-3-3	0.423369385059767	0.522315922818278	0.336678676069803	0.172272127942092	0.255709846933492	0.100626210618145	0.0952123918478139
chr6	26730736	26730809	+	tRNA-Ala-AGC-9-1	0.423369385059767	0.37111920831825	0.310780316372126	0.145768723643308	0.210584579827582	0.117397245721169	0.126949855797085
chr12	96429798	96429870	+	tRNA-Asp-GTC-2-8	0.423369385059767	0.398609520045528	0.448904901426404	0.23853063868905	0.285793358337432	0.134168280824193	0.412587031340527
chr6	26556773	26556846	+	tRNA-Lys-CTT-2-4	0.439049732654573	0.481080455227361	0.448904901426404	0.172272127942092	0.255709846933492	0.218023456339314	0.301505907518077
chr6	27573416	27573524	-	tRNA-Leu-CAA-2-1	0.439049732654573	0.219922493818222	0.36257703576748	0.172272127942092	0.285793358337432	0.134168280824193	0.444324495289798
chr9	131102354	131102445	-	tRNA-Arg-TCT-3-1	0.439049732654573	0.329883740727333	0.466170474558188	0.145768723643308	0.165459312721671	0.570215193502822	1.28536728994549
chr16	3207405	3207478	-	tRNA-Lys-CTT-3-1	0.439049732654573	0.604786858000111	0.587029486480682	0.132517021493917	0.165459312721671	0.637299333914919	1.07907377427522
chr5	180600649	180600722	+	tRNA-Val-CAC-1-4	0.439049732654573	0.687257793181944	0.612927846178359	0.291537447286617	0.300835114039403	0.167710351030242	0.317374639492713
chr6	26327816	26327898	+	tRNA-Ser-AGA-2-1	0.439049732654573	0.522315922818278	0.466170474558188	0.251782340838442	0.0902505342118208	0.100626210618145	0.206293515670263
chr6	26705605	26705678	+	tRNA-Ala-AGC-13-1	0.439049732654573	0.439844987636444	0.431639328294619	0.291537447286617	0.255709846933492	0.335420702060484	0.460193227264434
chr17	80452596	80452668	-	tRNA-iMet-CAT-1-8	0.45473008024938	0.494825611091	0.517967193953543	0.225278936539658	0.225626335529552	0.452817947781653	0.523668155162976
chr14	21099318	21099391	-	tRNA-Thr-TGT-4-1	0.45473008024938	0.508570766954639	0.517967193953543	0.172272127942092	0.255709846933492	0.402504842472581	0.349112103441984
chr6	27130049	27130123	+	tRNA-Thr-AGT-6-1	0.45473008024938	0.494825611091	0.474803261124081	0.185523830091483	0.135375801317731	0.20125242123629	0.142818587771721
chr1	249168053	249168159	+	tRNA-Leu-CAA-4-1	0.45473008024938	0.522315922818278	0.54386555365122	0.106013617195133	0.180501068423642	0.285107596751411	0.25389971159417
chr6	28565116	28565198	-	tRNA-Ser-GCT-4-1	0.45473008024938	0.426099831772805	0.345311462635695	0.145768723643308	0.105292289913791	0.0335420702060484	0.0317374639492713
chr5	180601043	180601125	-	tRNA-Leu-AAG-1-3	0.45473008024938	0.659767481454666	0.578396699914789	0.304789149436008	0.300835114039403	0.167710351030242	0.333243371467349
chr14	102783428	102783502	+	tRNA-Ile-AAT-5-4	0.45473008024938	0.343628896590972	0.50933440738765	0.212027234390267	0.240668091231522	2.48211319524758	5.37950013940149
chr17	8090910	8090984	+	tRNA-Ile-AAT-5-5	0.45473008024938	0.508570766954639	0.457537687992296	0.119265319344525	0.195542824125612	0.586986228605846	0.714092938858604
chr6	26521435	26521518	+	tRNA-Leu-CAG-1-7	0.45473008024938	0.343628896590972	0.414373755162834	0.278285745137225	0.225626335529552	1.55970626458125	2.58660331186561
chr5	180633867	180633939	+	tRNA-Ala-TGC-3-1	0.45473008024938	0.412354675909167	0.50933440738765	0.225278936539658	0.165459312721671	2.02929524746593	1.99946022880409
chr7	139025445	139025518	+	tRNA-Arg-CCT-4-1	0.470410427844186	0.453590143500083	0.466170474558188	0.212027234390267	0.105292289913791	4.19275877575605	6.28401786195572
chr16	3239633	3239705	+	tRNA-Pro-AGG-2-8	0.470410427844186	0.316138584863694	0.293514743240341	0.185523830091483	0.225626335529552	0.31864966695746	0.523668155162976
chr6	26323045	26323118	+	tRNA-Arg-TCG-2-1	0.470410427844186	0.673512637318305	0.716521284969067	0.198775532240875	0.0752087785098506	0.251565526545363	0.285637175543442
chr12	125424511	125424583	+	tRNA-Ala-TGC-4-1	0.470410427844186	0.604786858000111	0.595662273046574	0.145768723643308	0.120334045615761	1.07334624659355	1.76142924918456
chr17	37309986	37310058	-	tRNA-Cys-GCA-2-3	0.470410427844186	0.412354675909167	0.371209822333372	0.106013617195133	0.135375801317731	0.268336561648387	0.491930691213705
chr1	161510030	161510104	+	tRNA-Asn-GTT-1-1	0.470410427844186	0.37111920831825	0.405740968596942	0.265034042987833	0.165459312721671	0.167710351030242	0.285637175543442
chr1	149326271	149326345	-	tRNA-Asn-GTT-12-1	0.470410427844186	0.577296546272833	0.526599980519435	0.172272127942092	0.195542824125612	0.167710351030242	0.174556051720992
chr6	27059520	27059592	+	tRNA-Pro-CGG-2-1	0.470410427844186	0.659767481454666	0.768318004364422	0.225278936539658	0.120334045615761	0.268336561648387	0.349112103441984
chr1	149684087	149684161	-	tRNA-Val-CAC-5-1	0.470410427844186	0.481080455227361	0.440272114860511	0.331292553734792	0.376043892549253	0.72115450943004	0.809305330706418
chr6	27446590	27446672	+	tRNA-Ser-AGA-2-2	0.486090775438992	0.810964195954694	0.72515407153496	0.1590204257927	0.210584579827582	0.888864860460282	0.745830402807876
chr1	143879831	143879905	-	tRNA-Asn-GTT-10-1	0.486090775438992	0.824709351818333	0.69062292527139	0.331292553734792	0.345960381145313	0.402504842472581	0.238030979619535
chr6	28180814	28180896	+	tRNA-Ser-GCT-5-1	0.486090775438992	0.714748104909222	0.630193419310143	0.1590204257927	0.135375801317731	0.100626210618145	0.238030979619535
chr6	26701711	26701784	+	tRNA-Met-CAT-5-1	0.486090775438992	0.398609520045528	0.32804588950391	0.4770612773781	0.391085648251223	0.368962772266532	0.190424783695628
chr6	27655966	27656040	+	tRNA-Ile-AAT-2-1	0.486090775438992	0.467335299363722	0.32804588950391	0.119265319344525	0.105292289913791	0.234794491442339	0.333243371467349
chr6	27640228	27640310	-	tRNA-Ser-CGA-3-1	0.486090775438992	1.15459309254567	0.854645870023345	0.23853063868905	0.361002136847283	0.788238649842137	0.634749278985426
chr1	161411322	161411405	+	tRNA-Leu-CAG-1-1	0.501771123033798	0.398609520045528	0.414373755162834	0.622830001021408	0.511419693866984	0.452817947781653	0.587143083061519
chr5	180618686	180618758	-	tRNA-Thr-TGT-6-1	0.501771123033798	0.673512637318305	0.50933440738765	0.1590204257927	0.255709846933492	2.96847321323528	3.18961512690177
chr1	161500131	161500214	-	tRNA-Leu-CAG-1-6	0.501771123033798	0.907180287000166	0.733786858100852	0.304789149436008	0.270751602635462	0.603757263708871	0.396718299365891
chr5	180529252	180529325	-	tRNA-Val-CAC-1-3	0.501771123033798	0.604786858000111	0.647458992441928	0.251782340838442	0.330918625443343	0.0838551755151209	0.285637175543442
chr5	180524069	180524142	+	tRNA-Val-CAC-1-2	0.501771123033798	0.728493260772861	0.707888498403175	0.3180408515854	0.406127403953193	0.117397245721169	0.142818587771721
chr14	21149848	21149921	+	tRNA-Thr-TGT-5-1	0.517451470628604	0.398609520045528	0.397108182031049	0.225278936539658	0.150417557019701	3.06909942385343	4.5860635406697
chr6	28456769	28456843	-	tRNA-Thr-CGT-1-1	0.517451470628604	0.7422384166365	0.587029486480682	0.145768723643308	0.165459312721671	0.100626210618145	0.174556051720992
chr2	157257658	157257729	-	tRNA-Gly-GCC-2-2	0.517451470628604	0.783473884227416	0.707888498403175	0.145768723643308	0.165459312721671	0.72115450943004	1.47579207364112
chr14	73429678	73429750	+	tRNA-Cys-GCA-8-1	0.517451470628604	0.783473884227416	0.578396699914789	0.198775532240875	0.135375801317731	0.251565526545363	0.301505907518077
chr5	180528839	180528921	+	tRNA-Leu-AAG-1-2	0.517451470628604	0.591041702136472	0.656091779007821	0.225278936539658	0.361002136847283	0.0838551755151209	0.269768443568806
chr1	149298554	149298627	-	tRNA-Val-CAC-4-1	0.517451470628604	0.398609520045528	0.483436047689973	0.384299362332358	0.376043892549253	0.670841404120967	0.967992650452775
chr1	145396880	145396952	-	tRNA-His-GTG-1-1	0.517451470628604	0.549806234545555	0.561131126783004	0.251782340838442	0.180501068423642	2.64982354627782	3.38003991059739
chr5	180524473	180524555	-	tRNA-Leu-AAG-1-1	0.517451470628604	0.728493260772861	0.716521284969067	0.3180408515854	0.391085648251223	0.117397245721169	0.142818587771721
chr6	27560599	27560671	-	tRNA-iMet-CAT-1-6	0.517451470628604	0.714748104909222	0.72515407153496	0.1590204257927	0.195542824125612	0.285107596751411	0.126949855797085
chr14	23398909	23398982	+	tRNA-Arg-ACG-1-3	0.517451470628604	0.714748104909222	0.595662273046574	0.357795958033575	0.285793358337432	0.687612439223992	1.52339826956502
chr17	66016012	66016085	-	tRNA-Arg-CCG-2-1	0.533131818223411	0.962160910454722	0.854645870023345	0.424054468780533	0.150417557019701	0.184481386133266	0.491930691213705
chr6	26313351	26313423	-	tRNA-iMet-CAT-1-3	0.533131818223411	0.604786858000111	0.561131126783004	0.119265319344525	0.210584579827582	0.285107596751411	0.36498083541662
chr3	169490017	169490090	+	tRNA-Val-AAC-1-1	0.533131818223411	0.838454507681972	0.673357352139605	0.225278936539658	0.315876869741373	3.82379600348951	3.82436440588719
chr6	26572091	26572164	-	tRNA-Ala-AGC-11-1	0.533131818223411	0.659767481454666	0.483436047689973	0.145768723643308	0.270751602635462	0.218023456339314	0.126949855797085
chr13	41634873	41634945	-	tRNA-Glu-TTC-1-2	0.533131818223411	0.659767481454666	0.656091779007821	0.198775532240875	0.180501068423642	10.7670045361415	9.91795748414728
chr1	161440912	161440995	+	tRNA-Leu-CAG-1-5	0.548812165818217	0.439844987636444	0.630193419310143	0.781850426814108	0.616711983780775	0.92240693066633	0.666486742934697
chr6	27470817	27470899	+	tRNA-Ser-AGA-2-4	0.548812165818217	0.481080455227361	0.50933440738765	0.172272127942092	0.195542824125612	0.335420702060484	0.349112103441984
chr1	161426121	161426204	+	tRNA-Leu-CAG-1-3	0.548812165818217	0.508570766954639	0.50933440738765	0.848108937561067	0.631753739482745	0.771467614739113	0.634749278985426
chr1	17199077	17199149	+	tRNA-Glu-TTC-3-1	0.548812165818217	0.755983572500139	0.630193419310143	0.424054468780533	0.345960381145313	0.972720035975403	0.444324495289798
chr17	8129552	8129626	-	tRNA-Thr-AGT-1-2	0.548812165818217	0.701002949045583	0.647458992441928	0.119265319344525	0.120334045615761	0.251565526545363	0.412587031340527
chr6	27447452	27447524	+	tRNA-Asp-GTC-2-6	0.564492513413023	0.714748104909222	0.716521284969067	0.291537447286617	0.135375801317731	0.150939315927218	0.0952123918478139
chr6	26553730	26553802	+	tRNA-Ala-CGC-1-1	0.564492513413023	0.343628896590972	0.32804588950391	0.212027234390267	0.240668091231522	0.402504842472581	0.61888054701079
chr5	180634754	180634827	+	tRNA-Lys-CTT-2-2	0.564492513413023	0.467335299363722	0.54386555365122	0.278285745137225	0.255709846933492	0.285107596751411	0.380849567391256
chr6	27694472	27694546	+	tRNA-Thr-AGT-4-1	0.564492513413023	0.412354675909167	0.431639328294619	0.225278936539658	0.135375801317731	0.0670841404120967	0.190424783695628
chr12	125424192	125424264	-	tRNA-Asp-GTC-2-10	0.564492513413023	0.632277169727389	0.664724565573713	0.185523830091483	0.210584579827582	1.71064558050847	2.30096613632217
chr6	26537725	26537798	+	tRNA-Arg-ACG-1-2	0.564492513413023	0.7422384166365	0.742419644666744	0.291537447286617	0.315876869741373	1.32491177313891	2.45965345606853
chr14	21152174	21152246	+	tRNA-Pro-TGG-3-2	0.580172861007829	0.769728728363778	0.733786858100852	0.172272127942092	0.150417557019701	2.85107596751411	1.58687319746357
chr5	180648978	180649051	-	tRNA-Lys-CTT-2-3	0.580172861007829	0.975906066318361	0.759685217798529	0.185523830091483	0.300835114039403	0.72115450943004	1.17428616612304
chr14	58706612	58706685	-	tRNA-Lys-CTT-1-1	0.580172861007829	0.563551390409194	0.423006541728726	0.331292553734792	0.255709846933492	0.234794491442339	0.682355474909333
chr2	157257280	157257352	+	tRNA-Ala-CGC-3-1	0.580172861007829	0.879689975272889	0.716521284969067	0.132517021493917	0.165459312721671	0.620528298811895	1.31710475389476
chr1	153643725	153643797	+	tRNA-iMet-CAT-1-1	0.580172861007829	0.783473884227416	0.794216364062099	0.225278936539658	0.270751602635462	0.805009684945161	1.52339826956502
chr15	89878303	89878376	+	tRNA-Arg-TCG-1-1	0.580172861007829	0.659767481454666	0.699255711837283	0.1590204257927	0.195542824125612	0.503131053090726	1.01559884637668
chr17	8042769	8042843	-	tRNA-Thr-AGT-5-1	0.595853208602635	0.687257793181944	0.612927846178359	0.145768723643308	0.210584579827582	0.687612439223992	0.650618010960062
chr13	45492061	45492133	-	tRNA-Glu-TTC-2-1	0.595853208602635	0.907180287000166	0.837380296891561	0.225278936539658	0.285793358337432	0.821780720048185	1.23776109402158
chr1	149711797	149711871	-	tRNA-Asn-GTT-8-1	0.611533556197442	0.714748104909222	0.664724565573713	0.251782340838442	0.421169159655164	0.385733807369556	0.491930691213705
chr10	69524260	69524342	+	tRNA-Ser-TGA-1-1	0.611533556197442	0.810964195954694	0.612927846178359	0.145768723643308	0.135375801317731	0.486360017987701	0.72996167083324
chr7	149388271	149388343	-	tRNA-Cys-GCA-17-1	0.611533556197442	0.714748104909222	0.587029486480682	0.23853063868905	0.150417557019701	0.419275877575605	0.793436598731783
chr6	26988124	26988218	+	tRNA-Ile-TAT-2-2	0.627213903792248	0.714748104909222	0.72515407153496	0.185523830091483	0.300835114039403	0.771467614739113	1.26949855797085
chr1	161433531	161433614	+	tRNA-Leu-CAG-1-4	0.627213903792248	0.412354675909167	0.656091779007821	0.6360817031708	0.722004273694566	0.670841404120967	0.698224206883969
chr1	161440204	161440276	-	tRNA-Asp-GTC-2-5	0.627213903792248	0.508570766954639	0.742419644666744	0.808353831112892	0.977714120628058	2.86784700261714	1.85664164103237
chr5	180615415	180615488	-	tRNA-Val-AAC-2-1	0.627213903792248	0.467335299363722	0.526599980519435	0.331292553734792	0.165459312721671	0.553444158399798	1.01559884637668
chr6	27198333	27198416	-	tRNA-Leu-TAA-4-1	0.642894251387054	0.810964195954694	0.915075375984592	0.172272127942092	0.195542824125612	0.184481386133266	0.126949855797085
chr8	96281884	96281966	-	tRNA-Ser-AGA-2-5	0.65857459898186	0.728493260772861	0.604295059612466	0.291537447286617	0.391085648251223	4.2263008459621	6.96637333686505
chr17	8090477	8090551	+	tRNA-Thr-AGT-1-1	0.674254946576666	0.714748104909222	0.707888498403175	0.172272127942092	0.165459312721671	0.872093825357258	1.17428616612304
chr15	45492610	45492682	-	tRNA-His-GTG-1-8	0.674254946576666	1.05837700150019	0.794216364062099	0.23853063868905	0.240668091231522	0.654070369017943	1.03146757835132
chr12	98897280	98897352	+	tRNA-Asp-GTC-1-1	0.674254946576666	0.61853201386375	0.569763913348897	0.23853063868905	0.285793358337432	2.83430493241109	3.91957679773501
chr1	161418032	161418104	-	tRNA-Asp-GTC-2-2	0.689935294171472	0.659767481454666	0.656091779007821	0.742095320365933	0.616711983780775	2.88461803772016	1.95185403288019
chr1	148248114	148248188	+	tRNA-Asn-GTT-2-1	0.689935294171472	1.30578980704569	1.02730160134119	0.384299362332358	0.421169159655164	1.55970626458125	1.76142924918456
chr17	8090183	8090265	+	tRNA-Ser-GCT-4-3	0.689935294171472	0.86594481940925	0.768318004364422	0.172272127942092	0.150417557019701	0.72115450943004	0.999730114402046
chr17	8129927	8130009	-	tRNA-Ser-AGA-2-6	0.705615641766279	0.769728728363778	0.759685217798529	0.1590204257927	0.105292289913791	0.637299333914919	1.12667997019913
chr1	204475654	204475727	+	tRNA-Lys-TTT-3-1	0.705615641766279	0.879689975272889	0.72515407153496	0.291537447286617	0.376043892549253	0.51990208819375	1.42818587771721
chr6	27521191	27521273	-	tRNA-Ser-AGA-4-1	0.705615641766279	1.04463184563656	0.915075375984592	0.1590204257927	0.225626335529552	0.218023456339314	0.238030979619535
chr1	161418740	161418823	+	tRNA-Leu-CAG-1-2	0.705615641766279	0.549806234545555	0.612927846178359	0.689088511768367	0.646795495184715	0.872093825357258	0.714092938858604
chr1	161420466	161420537	+	tRNA-Gly-GCC-1-2	0.705615641766279	0.755983572500139	0.889177016286915	0.848108937561067	0.767129540800476	0.654070369017943	0.61888054701079
chr1	161425413	161425485	-	tRNA-Asp-GTC-2-3	0.721295989361085	0.604786858000111	0.811481937193883	0.728843618216542	0.782171296502447	3.16972563447157	1.84077290905774
chr16	3234132	3234204	-	tRNA-Pro-TGG-3-4	0.721295989361085	0.522315922818278	0.54386555365122	0.106013617195133	0.210584579827582	0.486360017987701	1.25362982599622
chr19	33667962	33668036	+	tRNA-Thr-AGT-1-3	0.721295989361085	0.783473884227416	0.785583577496206	0.106013617195133	0.135375801317731	1.25782763272681	1.61861066141284
chr1	16861773	16861845	-	tRNA-Glu-TTC-4-1	0.721295989361085	0.920925442863805	0.638826205876036	0.331292553734792	0.406127403953193	1.27459866782984	0.72996167083324
chr6	26538281	26538354	+	tRNA-Val-CAC-1-6	0.721295989361085	0.714748104909222	0.578396699914789	0.132517021493917	0.180501068423642	5.08162363621633	5.33189394347758
chr6	27125905	27125977	+	tRNA-His-GTG-1-5	0.721295989361085	0.673512637318305	0.69062292527139	0.1590204257927	0.195542824125612	0.301878631854435	0.301505907518077
chr1	161500902	161500974	+	tRNA-Gly-TCC-2-6	0.736976336955891	0.783473884227416	0.699255711837283	0.251782340838442	0.195542824125612	0.335420702060484	0.809305330706418
chr1	161427897	161427968	+	tRNA-Gly-GCC-1-3	0.752656684550697	0.701002949045583	0.87191144315513	0.742095320365933	0.691920762290626	0.754696579636088	0.61888054701079
chr6	26569085	26569176	+	tRNA-Tyr-GTA-1-1	0.752656684550697	0.852199663545611	0.742419644666744	0.185523830091483	0.300835114039403	0.20125242123629	0.269768443568806
chr6	27636361	27636435	+	tRNA-Ile-AAT-8-1	0.752656684550697	0.632277169727389	0.802849150627991	0.265034042987833	0.195542824125612	0.368962772266532	0.333243371467349
chr1	145399232	145399304	-	tRNA-Glu-CTC-1-1	0.799697727335116	0.824709351818333	0.863278656589238	0.3180408515854	0.376043892549253	0.704383474327016	0.761699134782511
chr6	26312823	26312905	-	tRNA-Ser-TGA-3-1	0.799697727335116	0.549806234545555	0.50933440738765	0.106013617195133	0.240668091231522	0.402504842472581	0.333243371467349
chr6	26533144	26533218	-	tRNA-Thr-AGT-2-1	0.799697727335116	1.04463184563656	0.915075375984592	0.304789149436008	0.210584579827582	0.184481386133266	0.238030979619535
chr1	148598313	148598387	-	tRNA-Asn-GTT-3-1	0.799697727335116	1.09961246909111	1.11362946700012	0.384299362332358	0.451252671059104	1.54293522947823	2.09467262065191
chr1	161397866	161397940	-	tRNA-Asn-GTT-2-2	0.799697727335116	0.7422384166365	0.630193419310143	0.23853063868905	0.240668091231522	0.167710351030242	0.36498083541662
chr1	161432823	161432895	-	tRNA-Asp-GTC-2-4	0.799697727335116	0.673512637318305	0.794216364062099	0.7951021289635	0.601670228078805	2.71690768668992	1.87251037300701
chr1	204476157	204476230	-	tRNA-Lys-TTT-3-2	0.815378074929922	0.934670598727444	0.828747510325668	0.278285745137225	0.376043892549253	0.419275877575605	1.65034812536211
chr1	161413093	161413164	+	tRNA-Gly-GCC-1-1	0.815378074929922	0.810964195954694	0.906442589418699	0.808353831112892	0.857380075012297	0.670841404120967	0.539536887137612
chr6	27205349	27205423	-	tRNA-Ile-AAT-5-3	0.831058422524728	0.810964195954694	0.578396699914789	0.265034042987833	0.255709846933492	1.76095868581754	0.349112103441984
chr17	8023631	8023713	-	tRNA-Leu-TAG-1-1	0.831058422524728	1.07212215736383	0.958239308814054	0.1590204257927	0.180501068423642	0.134168280824193	0.238030979619535
chr6	28442328	28442402	-	tRNA-Thr-TGT-1-1	0.831058422524728	0.975906066318361	0.656091779007821	0.251782340838442	0.165459312721671	0.117397245721169	0.0952123918478139
chr17	47269889	47269961	+	tRNA-Gln-TTG-1-1	0.846738770119534	0.783473884227416	0.889177016286915	0.265034042987833	0.270751602635462	2.86784700261714	4.06239538550673
chr6	27652473	27652547	-	tRNA-Thr-AGT-2-2	0.862419117714341	1.27829949531842	1.0186688147753	0.225278936539658	0.225626335529552	0.234794491442339	0.174556051720992
chr6	27473606	27473688	-	tRNA-Ser-TGA-4-1	0.862419117714341	0.934670598727444	0.802849150627991	0.198775532240875	0.165459312721671	0.0838551755151209	0.142818587771721
chr17	8023069	8023141	+	tRNA-Gln-CTG-1-5	0.893779812903953	1.11335762495475	0.975504881945839	0.145768723643308	0.135375801317731	0.117397245721169	0.25389971159417
chr17	73031207	73031280	+	tRNA-Arg-TCG-3-1	0.925140508093565	1.44324136568208	1.363980277411	0.172272127942092	0.210584579827582	1.42553798375706	3.09440273505395
chr8	124169469	124169542	-	tRNA-Met-CAT-1-1	0.940820855688372	1.07212215736383	1.08773110730244	0.39755106448175	0.361002136847283	0.352191737163508	0.507799423188341
chr5	180649394	180649467	-	tRNA-Val-CAC-1-5	0.940820855688372	1.04463184563656	1.10499668043422	0.185523830091483	0.315876869741373	1.27459866782984	2.74529063161197
chr14	21081948	21082021	-	tRNA-Thr-TGT-3-1	0.956501203283178	1.56694776845483	1.44167535650403	0.132517021493917	0.195542824125612	0.352191737163508	0.333243371467349
chr1	161391882	161391954	-	tRNA-Glu-TTC-4-2	0.956501203283178	0.893435131136528	0.811481937193883	0.212027234390267	0.225626335529552	0.134168280824193	0.25389971159417
chr14	21081559	21081631	-	tRNA-Pro-AGG-2-6	0.972181550877984	1.69065417122758	1.34671470427921	0.212027234390267	0.180501068423642	0.167710351030242	0.126949855797085
chr1	161435257	161435328	+	tRNA-Gly-GCC-1-4	0.972181550877984	0.852199663545611	1.07909832073655	0.914367448308025	0.767129540800476	0.603757263708871	0.634749278985426
chr1	148000804	148000878	+	tRNA-Asn-GTT-7-1	0.972181550877984	1.27829949531842	1.07909832073655	0.530068085975667	0.616711983780775	1.77772972092056	2.06293515670263
chr2	70476122	70476193	-	tRNA-Gly-CCC-2-1	1.05058328885202	1.12710278081839	1.1308950401319	0.119265319344525	0.120334045615761	3.03555735364738	3.95131426168428
chr6	27509553	27509635	-	tRNA-Ser-AGA-1-1	1.06626363644682	0.7422384166365	0.707888498403175	0.172272127942092	0.150417557019701	0.218023456339314	0.206293515670263
chr1	161431808	161431880	-	tRNA-Glu-CTC-1-4	1.11330467923124	1.08586731322747	1.45030814306992	0.887864044009242	0.767129540800476	1.00626210618145	0.904517722554232
chr1	161417017	161417089	-	tRNA-Glu-CTC-1-2	1.30146885036891	1.19582856013658	1.11362946700012	0.993877661204375	0.932588853522148	0.888864860460282	0.888648990579597
chr1	161424397	161424469	-	tRNA-Glu-CTC-1-3	1.33282954555853	1.29204465118206	1.32944913114743	0.980625959054983	0.857380075012297	1.35845384334496	1.39644841376794
chr1	145397863	145397935	-	tRNA-Gly-TCC-2-1	1.39555093593775	1.75937995054578	1.74382288631026	0.371047660182967	0.436210915357134	2.53242630055665	3.44351483849594
chr1	161439188	161439260	-	tRNA-Glu-CTC-1-5	1.44259197872217	1.42949620981844	1.07909832073655	1.00712936335377	0.857380075012297	0.939177965769354	1.12667997019913
chr5	180614700	180614782	+	tRNA-Leu-AAG-2-1	1.50531336910139	1.03088668977292	1.04456717447298	0.291537447286617	0.120334045615761	0.436046912678629	0.888648990579597
chr6	26311974	26312046	-	tRNA-Gln-TTG-3-2	1.59939545467023	1.09961246909111	1.07909832073655	0.185523830091483	0.210584579827582	0.20125242123629	0.301505907518077
chr1	161432165	161432237	-	tRNA-Gly-TCC-2-4	1.67779719264426	1.69065417122758	1.88194747136454	0.71559191606715	0.767129540800476	1.67710351030242	1.50752953759039
chr1	161417374	161417446	-	tRNA-Gly-TCC-2-2	1.74051858302349	1.81436057400033	1.84741632510097	0.901115746158633	0.842338319310327	1.54293522947823	1.61861066141284
chr5	180645269	180645342	-	tRNA-Val-AAC-1-4	1.75619893061829	1.71814448295486	1.72655731317848	0.357795958033575	0.240668091231522	0.385733807369556	0.698224206883969
chr1	161424755	161424827	-	tRNA-Gly-TCC-2-3	1.80323997340271	1.7318896388185	1.86468189823275	0.927619150457417	0.872421830714267	1.91189800174476	1.80903544510846
chr1	161439546	161439618	-	tRNA-Gly-TCC-2-5	2.02276483973	1.86934119745489	1.95100976389168	0.927619150457417	0.782171296502447	1.61001936989032	1.8249041770831
