Chromosome	Start	End	Strand	name	ed_foxa1	dox_foxa1_high	dox_foxa1_low	dox_input	ed_input	dox_h3k27ac	ed_h3k27ac
chr1	149155827	149155899	-	tRNA-His-GTG-2-1	0.0313751993699795	0	0.0518206751449317	0.106062648015907	0.0752435622313882	0.016778791631271	0.015876071191747
chr6	28779848	28779920	-	tRNA-Ala-AGC-6-1	0.0313751993699795	0	0.00863677919082195	0.0132578310019883	0	0	0
chr6	28715520	28715593	+	tRNA-Lys-TTT-7-1	0.0313751993699795	0.0137515129363573	0.0604574543357536	0.0265156620039767	0.0451461373388329	0.067115166525084	0
chrX	3756417	3756491	-	tRNA-Ile-GAT-1-1	0	0.0137515129363573	0.00863677919082195	0.0265156620039767	0.0601948497851105	0.033557583262542	0.0317521423834939
chrX	3794841	3794915	-	tRNA-Ile-GAT-1-2	0	0.0137515129363573	0.0172735583816439	0.0265156620039767	0.0150487124462776	0.033557583262542	0.015876071191747
chr6	28731373	28731447	-	tRNA-Phe-GAA-6-1	0	0.0137515129363573	0.0777310127173975	0.0265156620039767	0.0300974248925553	0.033557583262542	0
chrX	3833270	3833344	-	tRNA-Ile-GAT-1-3	0	0.0275030258727146	0.0172735583816439	0.0265156620039767	0.0300974248925553	0.033557583262542	0
chr6	28775609	28775682	-	tRNA-Phe-GAA-3-1	0.0313751993699795	0.0275030258727146	0.00863677919082195	0.0132578310019883	0.0300974248925553	0.016778791631271	0
chr6	28758498	28758571	-	tRNA-Phe-GAA-1-1	0.0470627990549693	0.0275030258727146	0.0345471167632878	0.0530313240079534	0.0451461373388329	0.033557583262542	0
chr6	28956778	28956860	+	tRNA-Leu-AAG-3-1	0.0941255981099386	0.0275030258727146	0.0172735583816439	0.0132578310019883	0.0451461373388329	0.016778791631271	0.0317521423834939
chr1	149230569	149230643	-	tRNA-Asn-GTT-6-1	0.0156875996849898	0.0412545388090719	0.0690942335265756	0.039773493005965	0.0601948497851105	0	0.015876071191747
chr6	28693794	28693868	+	tRNA-Thr-AGT-3-1	0.109813197794928	0.0412545388090719	0.0777310127173975	0.119320479017895	0.105340987123943	0.050336374893813	0.0476282135752409
chr6	28710728	28710801	-	tRNA-Arg-CCG-1-1	0.0313751993699795	0.0412545388090719	0.0345471167632878	0.039773493005965	0	0	0.0317521423834939
chr6	28918805	28918878	+	tRNA-Lys-TTT-3-3	0.109813197794928	0.0412545388090719	0.0259103375724658	0.132578310019883	0.0451461373388329	0.033557583262542	0.0317521423834939
chr6	28849164	28849237	+	tRNA-Arg-CCG-1-2	0.0470627990549693	0.0412545388090719	0.0950045710990414	0.0662891550099417	0.0451461373388329	0.050336374893813	0.0793803559587348
chr6	26745254	26745328	-	tRNA-Ile-AAT-6-1	0.141188397164908	0.0550060517454292	0.181372363007261	0.0662891550099417	0.210681974247887	0.033557583262542	0.127008569533976
chr6	28687480	28687552	+	tRNA-Ala-AGC-7-1	0.0627503987399591	0.0550060517454292	0.112278129480685	0.0662891550099417	0.0902922746776658	0.050336374893813	0.0476282135752409
chr6	28678365	28678437	+	tRNA-Ala-AGC-5-1	0.0627503987399591	0.0550060517454292	0.0259103375724658	0.07954698601193	0.0601948497851105	0.033557583262542	0.0952564271504817
chr6	28757546	28757618	-	tRNA-Ala-TGC-1-1	0.0627503987399591	0.0550060517454292	0.0431838959541097	0.0132578310019883	0.0601948497851105	0.033557583262542	0
chr6	28611221	28611293	+	tRNA-Ala-TGC-2-1	0.172563596534887	0.0550060517454292	0.0950045710990414	0.0530313240079534	0.105340987123943	0.016778791631271	0.0476282135752409
chr6	28785011	28785083	-	tRNA-Ala-TGC-5-1	0.0156875996849898	0.0550060517454292	0.0431838959541097	0.0132578310019883	0.0300974248925553	0	0.0317521423834939
chr16	3214938	3215011	+	tRNA-Lys-CTT-8-1	0.125500797479918	0.0687575646817865	0.215919479770549	0.198867465029825	0.210681974247887	0.285239457731607	0.381025708601927
chr6	28697091	28697163	+	tRNA-Ala-CGC-4-1	0.0627503987399591	0.0687575646817865	0.0345471167632878	0.0662891550099417	0.0451461373388329	0.033557583262542	0.0635042847669878
chr5	26198538	26198611	-	tRNA-Lys-CTT-9-1	0.0313751993699795	0.0687575646817865	0.0690942335265756	0.132578310019883	0.165535836909054	0.083893958156355	0.127008569533976
chr6	28911398	28911480	-	tRNA-Leu-AAG-2-2	0.0941255981099386	0.0687575646817865	0.103641350289863	0.0265156620039767	0.0752435622313882	0.083893958156355	0.142884640725723
chr6	28806220	28806292	-	tRNA-Ala-AGC-2-1	0.0313751993699795	0.0687575646817865	0.0345471167632878	0.0132578310019883	0.0601948497851105	0.050336374893813	0.20638892549271
chr6	28791092	28791166	-	tRNA-Phe-GAA-4-1	0.0313751993699795	0.0687575646817865	0.0431838959541097	0.0132578310019883	0.0601948497851105	0.067115166525084	0
chr1	149186124	149186196	+	tRNA-Gln-CTG-4-2	0.0627503987399591	0.0687575646817865	0.0777310127173975	0.119320479017895	0.0150487124462776	0.100672749787626	0.015876071191747
chr7	149292304	149292376	-	tRNA-Cys-GCA-23-1	0.298064394014806	0.0825090776181438	0.164098804625617	0.23864095803579	0.150487124462776	0.117451541418897	0.174636783109216
chr6	28912351	28912424	+	tRNA-Met-CAT-3-1	0.0313751993699795	0.0825090776181438	0.0863677919082195	0.0265156620039767	0.0451461373388329	0.100672749787626	0.0635042847669878
chr6	28949975	28950047	+	tRNA-Glu-CTC-1-6	0.188251196219877	0.0825090776181438	0.146825246243973	0.039773493005965	0.0150487124462776	0.067115166525084	0.0476282135752409
chr6	28908829	28908934	+	tRNA-Leu-CAA-1-2	0.0313751993699795	0.0825090776181438	0.120914908671507	0.0662891550099417	0.0601948497851105	0.218124291206523	0.285769281451445
chr1	161450355	161450426	+	tRNA-Gly-GCC-4-1	0.141188397164908	0.0825090776181438	0.215919479770549	0.198867465029825	0.25582811158672	0.201345499575252	0.222264996684457
chr6	145503858	145503930	+	tRNA-Gln-TTG-4-1	0.188251196219877	0.0825090776181438	0.0863677919082195	0.212125296031813	0.150487124462776	0.050336374893813	0.0952564271504817
chr6	28831461	28831533	-	tRNA-Ala-AGC-2-2	0.0313751993699795	0.0825090776181438	0.0345471167632878	0.0265156620039767	0	0.268460666100336	0.396901779793674
chr6	28726140	28726212	-	tRNA-Ala-TGC-6-1	0.0156875996849898	0.0962605905545011	0.0518206751449317	0.0265156620039767	0.0150487124462776	0	0.015876071191747
chr6	28763740	28763812	-	tRNA-Ala-AGC-1-1	0.0313751993699795	0.0962605905545011	0.0518206751449317	0.039773493005965	0.0601948497851105	0	0
chr6	26780831	26780905	+	tRNA-Ile-AAT-7-2	0.235313995274846	0.0962605905545011	0.190009142198083	0.291672282043744	0.210681974247887	0.134230333050168	0.0952564271504817
chr22	44546537	44546605	+	tRNA-SeC-TCA-2-1	0.109813197794928	0.0962605905545011	0.0604574543357536	0.132578310019883	0.165535836909054	0.151009124681439	0.0793803559587348
chr6	28909377	28909449	-	tRNA-Gln-CTG-1-3	0.0784379984249488	0.0962605905545011	0.0950045710990414	0.0265156620039767	0.0601948497851105	0.083893958156355	0.0635042847669878
chr7	149028219	149028291	+	tRNA-Cys-GCA-9-2	0.203938795904867	0.0962605905545011	0.120914908671507	0.23864095803579	0.31602296137183	0.134230333050168	0.15876071191747
chr6	28770576	28770647	-	tRNA-Ala-TGC-7-1	0.0313751993699795	0.0962605905545011	0.0431838959541097	0	0.0150487124462776	0.033557583262542	0.0635042847669878
chr7	149243630	149243702	+	tRNA-Cys-GCA-16-1	0.156875996849898	0.0962605905545011	0.103641350289863	0.225383127033802	0.165535836909054	0.134230333050168	0.0476282135752409
chr17	37017936	37018008	-	tRNA-Cys-GCA-14-1	0.188251196219877	0.0962605905545011	0.0863677919082195	0.212125296031813	0.0752435622313882	0.151009124681439	0.111132498342229
chr19	52425397	52425468	-	tRNA-Lys-CTT-11-1	0.125500797479918	0.0962605905545011	0.103641350289863	0.145836141021872	0.195633261801609	0.083893958156355	0.0635042847669878
chr6	28510890	28510963	-	tRNA-Arg-TCG-5-1	0.188251196219877	0.0962605905545011	0.129551687862329	0.132578310019883	0.0300974248925553	0.050336374893813	0.0635042847669878
chr6	26299904	26299977	+	tRNA-Arg-TCG-4-1	0.0941255981099386	0.0962605905545011	0.138188467053151	0.251898789037778	0.165535836909054	0.134230333050168	0.301645352643192
chr16	3243917	3243990	+	tRNA-Arg-CCT-5-1	0.266689194644826	0.0962605905545011	0.112278129480685	0.265156620039767	0.120389699570221	0.067115166525084	0.285769281451445
chr7	149344045	149344117	-	tRNA-Cys-GCA-12-1	0.203938795904867	0.0962605905545011	0.112278129480685	0.278414451041755	0.150487124462776	0.134230333050168	0.190512854300963
chr12	27843305	27843378	+	tRNA-Lys-TTT-11-1	0.109813197794928	0.0962605905545011	0.0863677919082195	0.106062648015907	0.270876824032997	0.117451541418897	0.190512854300963
chr6	28505366	28505460	+	tRNA-Ile-TAT-3-1	0.141188397164908	0.110012103490858	0.0863677919082195	0.106062648015907	0.0902922746776658	0.083893958156355	0.111132498342229
chr7	149286163	149286235	-	tRNA-Cys-GCA-3-1	0.109813197794928	0.110012103490858	0.172735583816439	0.198867465029825	0.25582811158672	0.067115166525084	0.142884640725723
chr6	26721220	26721294	-	tRNA-Ile-AAT-7-1	0.298064394014806	0.110012103490858	0.198645921388905	0.132578310019883	0.195633261801609	0.151009124681439	0.15876071191747
chr17	37023897	37023969	+	tRNA-Cys-GCA-2-2	0.125500797479918	0.110012103490858	0.0950045710990414	0.07954698601193	0.105340987123943	0.083893958156355	0.142884640725723
chr9	112960802	112960875	+	tRNA-Arg-TCG-6-1	0.0941255981099386	0.110012103490858	0.120914908671507	0.106062648015907	0.180584549355332	0.16778791631271	0.254017139067951
chr16	70822596	70822667	+	tRNA-Gly-GCC-5-1	0.188251196219877	0.110012103490858	0.181372363007261	0.132578310019883	0.150487124462776	0.033557583262542	0.15876071191747
chr6	26673589	26673662	+	tRNA-Ala-AGC-14-1	0.125500797479918	0.110012103490858	0.172735583816439	0.265156620039767	0.195633261801609	0.201345499575252	0.15876071191747
chr11	122430654	122430727	+	tRNA-Lys-TTT-2-1	0.0784379984249488	0.123763616427216	0.120914908671507	0.15909397202386	0.120389699570221	0.050336374893813	0.0952564271504817
chr7	149310155	149310227	-	tRNA-Cys-GCA-19-1	0.172563596534887	0.123763616427216	0.138188467053151	0.185609634027837	0.120389699570221	0.201345499575252	0.254017139067951
chr6	27570347	27570454	-	tRNA-Leu-CAA-3-1	0.266689194644826	0.123763616427216	0.120914908671507	0.172351803025848	0.210681974247887	0.100672749787626	0.111132498342229
chr17	37310743	37310815	-	tRNA-Cys-GCA-2-4	0.156875996849898	0.123763616427216	0.172735583816439	0.106062648015907	0.105340987123943	0.436248582413046	0.428653922177168
chr16	71460395	71460468	+	tRNA-Met-CAT-2-1	0.156875996849898	0.123763616427216	0.198645921388905	0.198867465029825	0.25582811158672	0.234903082837794	0.15876071191747
chr6	26575797	26575887	+	tRNA-Tyr-GTA-8-1	0.188251196219877	0.123763616427216	0.172735583816439	0.212125296031813	0.240779399140442	0.117451541418897	0.20638892549271
chr6	58196622	58196695	-	tRNA-Ala-AGC-16-1	0.172563596534887	0.123763616427216	0.224556258961371	0.225383127033802	0.225730686694165	0.151009124681439	0.111132498342229
chr7	149281815	149281887	+	tRNA-Cys-GCA-15-1	0.172563596534887	0.123763616427216	0.138188467053151	0.304930113045732	0.180584549355332	0.083893958156355	0.127008569533976
chr10	5895673	5895746	-	tRNA-Val-TAC-3-1	0.235313995274846	0.123763616427216	0.172735583816439	0.172351803025848	0.31602296137183	0.100672749787626	0.222264996684457
chr1	94313128	94313213	+	tRNA-Arg-TCT-1-1	0.156875996849898	0.123763616427216	0.224556258961371	0.0530313240079534	0.105340987123943	4.16114032455521	5.12797099493427
chr16	70812113	70812184	-	tRNA-Gly-GCC-3-1	0.156875996849898	0.123763616427216	0.155462025434795	0.23864095803579	0.150487124462776	0.117451541418897	0.0952564271504817
chr7	149253801	149253871	+	tRNA-Cys-GCA-22-1	0.172563596534887	0.123763616427216	0.285013713297124	0.23864095803579	0.210681974247887	0.117451541418897	0.15876071191747
chr1	159111400	159111474	-	tRNA-Arg-TCT-4-1	0.235313995274846	0.123763616427216	0.120914908671507	0.145836141021872	0.165535836909054	0.184566707943981	0.0635042847669878
chr7	99067306	99067378	+	tRNA-Trp-CCA-5-1	0.298064394014806	0.137515129363573	0.215919479770549	0.331445775049709	0.331071673818108	0.285239457731607	0.666794990053372
chr8	66609531	66609619	-	tRNA-Tyr-GTA-9-1	0.141188397164908	0.137515129363573	0.103641350289863	0.145836141021872	0.135438412016499	0.117451541418897	0.0952564271504817
chr5	180528839	180528921	+	tRNA-Leu-AAG-1-2	0.266689194644826	0.137515129363573	0.276376934106302	0.31818794404772	0.150487124462776	0.16778791631271	0.333397495026686
chr1	17199077	17199149	+	tRNA-Glu-TTC-3-1	0.282376794329816	0.137515129363573	0.285013713297124	0.225383127033802	0.270876824032997	0.436248582413046	0.333397495026686
chrX	18693028	18693101	-	tRNA-Val-TAC-1-2	0	0.137515129363573	0.155462025434795	0.0928048170139184	0.0752435622313882	3.45643107604183	2.82594067213096
chr4	124430004	124430076	-	tRNA-Cys-GCA-2-1	0.172563596534887	0.137515129363573	0.0604574543357536	0.15909397202386	0.165535836909054	0.083893958156355	0.0635042847669878
chr7	149052765	149052837	-	tRNA-Cys-GCA-13-1	0.203938795904867	0.137515129363573	0.146825246243973	0.119320479017895	0.240779399140442	0.134230333050168	0.0793803559587348
chr14	21121257	21121351	-	tRNA-Tyr-GTA-5-3	0.172563596534887	0.137515129363573	0.276376934106302	0.106062648015907	0.0752435622313882	0.083893958156355	0.111132498342229
chr1	93981833	93981906	-	tRNA-Cys-GCA-7-1	0.125500797479918	0.137515129363573	0.0777310127173975	0.0662891550099417	0.165535836909054	0.100672749787626	0.0635042847669878
chr6	28446399	28446481	-	tRNA-Leu-AAG-4-1	0.266689194644826	0.137515129363573	0.259103375724658	0.304930113045732	0.210681974247887	0.134230333050168	0.20638892549271
chr6	27173866	27173939	-	tRNA-Val-CAC-6-1	0.0941255981099386	0.137515129363573	0.112278129480685	0.145836141021872	0.135438412016499	0.218124291206523	0.142884640725723
chr16	3241988	3242060	+	tRNA-Pro-AGG-1-1	0.219626395589857	0.137515129363573	0.276376934106302	0.251898789037778	0.180584549355332	0.352354624256691	0.36514963741018
chr11	59324969	59325042	-	tRNA-Phe-GAA-1-3	0.188251196219877	0.137515129363573	0.155462025434795	0.106062648015907	0.0902922746776658	0.285239457731607	0.333397495026686
chr6	27648884	27648957	-	tRNA-Val-AAC-4-1	0.109813197794928	0.15126664229993	0.0950045710990414	0.198867465029825	0.135438412016499	0.184566707943981	0.20638892549271
chr1	147800936	147801008	+	tRNA-Gln-CTG-7-1	0.219626395589857	0.15126664229993	0.215919479770549	0.265156620039767	0.225730686694165	0.251681874469065	0.127008569533976
chr6	28921041	28921114	-	tRNA-Met-CAT-3-2	0.0941255981099386	0.15126664229993	0.112278129480685	0.039773493005965	0.0451461373388329	0.083893958156355	0.190512854300963
chr11	59327807	59327880	-	tRNA-Lys-TTT-3-4	0.125500797479918	0.15126664229993	0.181372363007261	0.106062648015907	0.0752435622313882	0.822160789932279	1.01606855627181
chr1	145963303	145963375	+	tRNA-Gln-CTG-3-1	0.172563596534887	0.165018155236288	0.190009142198083	0.225383127033802	0.361169098710663	0.201345499575252	0.254017139067951
chr6	58149253	58149327	+	tRNA-Ile-AAT-1-1	0.141188397164908	0.165018155236288	0.164098804625617	0.172351803025848	0.25582811158672	0.151009124681439	0.127008569533976
chr6	28557155	28557227	+	tRNA-Gln-TTG-2-1	0.141188397164908	0.165018155236288	0.172735583816439	0.0662891550099417	0.135438412016499	0.117451541418897	0.0635042847669878
chr7	149072849	149072921	-	tRNA-Cys-GCA-18-1	0.235313995274846	0.165018155236288	0.0690942335265756	0.198867465029825	0.210681974247887	0.117451541418897	0.127008569533976
chr6	26796005	26796078	-	tRNA-Ala-AGC-12-2	0.156875996849898	0.165018155236288	0.190009142198083	0.278414451041755	0.240779399140442	0.100672749787626	0.127008569533976
chr6	26682714	26682787	+	tRNA-Ala-AGC-12-1	0.266689194644826	0.165018155236288	0.190009142198083	0.371219268055674	0.270876824032997	0.352354624256691	0.269893210259698
chr17	8029063	8029134	+	tRNA-Gly-GCC-2-6	0.141188397164908	0.165018155236288	0.276376934106302	0.106062648015907	0.180584549355332	0.134230333050168	0.238141067876204
chr1	55423541	55423614	-	tRNA-Lys-CTT-7-1	0.172563596534887	0.165018155236288	0.120914908671507	0.15909397202386	0.135438412016499	0.050336374893813	0.142884640725723
chr7	149112228	149112300	-	tRNA-Cys-GCA-11-1	0.156875996849898	0.165018155236288	0.164098804625617	0.119320479017895	0.210681974247887	0.201345499575252	0.174636783109216
chr17	37025544	37025616	-	tRNA-Cys-GCA-4-1	0.172563596534887	0.165018155236288	0.259103375724658	0.0928048170139184	0.105340987123943	3.80878570029852	3.9213895843615
chr6	28641612	28641684	-	tRNA-Ala-CGC-2-1	0.188251196219877	0.165018155236288	0.103641350289863	0.145836141021872	0.105340987123943	0.067115166525084	0.0952564271504817
chr6	58168491	58168564	-	tRNA-Met-CAT-7-1	0.203938795904867	0.165018155236288	0.215919479770549	0.357961437053685	0.210681974247887	0.184566707943981	0.190512854300963
chr1	17216171	17216245	+	tRNA-Asn-GTT-4-1	0.235313995274846	0.165018155236288	0.146825246243973	0.23864095803579	0.0601948497851105	0.687930456882111	0.254017139067951
chr6	28863999	28864105	-	tRNA-Leu-CAA-1-1	0.141188397164908	0.165018155236288	0.103641350289863	0.039773493005965	0.0451461373388329	0.654372873619569	1.00019248508006
chr6	27265774	27265856	+	tRNA-Ser-GCT-2-1	0.282376794329816	0.178769668172645	0.164098804625617	0.15909397202386	0.25582811158672	0.151009124681439	0.0793803559587348
chr16	3230554	3230627	-	tRNA-Lys-CTT-5-1	0.188251196219877	0.178769668172645	0.138188467053151	0.0928048170139184	0.285925536479275	0.134230333050168	0.222264996684457
chr1	16847079	16847153	-	tRNA-Asn-GTT-5-1	0.156875996849898	0.178769668172645	0.129551687862329	0.185609634027837	0.195633261801609	0.151009124681439	0.127008569533976
chr6	28626013	28626085	-	tRNA-Ala-AGC-4-1	0.109813197794928	0.178769668172645	0.138188467053151	0.119320479017895	0.120389699570221	0.016778791631271	0.015876071191747
chr7	128423503	128423575	+	tRNA-Pro-AGG-2-3	0.235313995274846	0.178769668172645	0.26774015491548	0.185609634027837	0.180584549355332	0.184566707943981	0.20638892549271
chr3	131947943	131948015	-	tRNA-Cys-GCA-6-1	0.188251196219877	0.178769668172645	0.181372363007261	0.198867465029825	0.0902922746776658	0.100672749787626	0.0952564271504817
chr15	80036996	80037069	+	tRNA-Cys-GCA-5-1	0.203938795904867	0.178769668172645	0.259103375724658	0.23864095803579	0.165535836909054	0.134230333050168	0.222264996684457
chr1	147774844	147774916	-	tRNA-His-GTG-1-4	0.282376794329816	0.178769668172645	0.215919479770549	0.371219268055674	0.285925536479275	0.33557583262542	0.269893210259698
chr5	180524473	180524555	-	tRNA-Leu-AAG-1-1	0.203938795904867	0.178769668172645	0.336834388442056	0.212125296031813	0.391266523603219	0.134230333050168	0.285769281451445
chr1	149615616	149615690	-	tRNA-Asn-GTT-11-2	0.188251196219877	0.178769668172645	0.155462025434795	0.172351803025848	0.180584549355332	1.19129420582024	1.17482926818927
chr7	149332777	149332849	+	tRNA-Cys-GCA-9-3	0.219626395589857	0.178769668172645	0.155462025434795	0.291672282043744	0.210681974247887	0.151009124681439	0.15876071191747
chr2	43037675	43037768	+	tRNA-Ile-TAT-2-1	0.235313995274846	0.178769668172645	0.224556258961371	0.145836141021872	0.0601948497851105	7.36588952612797	7.08072775151914
chr21	18827106	18827177	-	tRNA-Gly-GCC-1-5	0.125500797479918	0.178769668172645	0.190009142198083	0.119320479017895	0.195633261801609	0.083893958156355	0.111132498342229
chr1	144301610	144301684	+	tRNA-Asn-GTT-11-1	0.219626395589857	0.178769668172645	0.233193038152193	0.145836141021872	0.165535836909054	1.20807299745151	0.920812129121323
chr7	149295045	149295117	+	tRNA-Cys-GCA-20-1	0.329439593384785	0.178769668172645	0.250466596533836	0.212125296031813	0.105340987123943	0.16778791631271	0.142884640725723
chr6	27529962	27530049	+	tRNA-Arg-TCT-5-1	0.125500797479918	0.178769668172645	0.190009142198083	0.265156620039767	0.195633261801609	0.218124291206523	0.20638892549271
chr6	28565116	28565198	-	tRNA-Ser-GCT-4-1	0.156875996849898	0.192521181109002	0.138188467053151	0.07954698601193	0.150487124462776	0.083893958156355	0.190512854300963
chr6	58182678	58182751	-	tRNA-Ala-AGC-12-3	0.172563596534887	0.192521181109002	0.198645921388905	0.15909397202386	0.210681974247887	0.16778791631271	0.174636783109216
chr6	26305720	26305798	-	tRNA-Ser-GCT-6-1	0.345127193069775	0.192521181109002	0.198645921388905	0.15909397202386	0.25582811158672	0.100672749787626	0.174636783109216
chr3	45730490	45730563	-	tRNA-Arg-ACG-2-1	0.235313995274846	0.192521181109002	0.198645921388905	0.15909397202386	0.135438412016499	1.49331245518312	2.15914568207759
chr6	27513467	27513549	+	tRNA-Ser-TGA-2-1	0.219626395589857	0.192521181109002	0.198645921388905	0.251898789037778	0.240779399140442	0.184566707943981	0.20638892549271
chr6	28949448	28949521	-	tRNA-Phe-GAA-1-2	0.219626395589857	0.192521181109002	0.146825246243973	0.0530313240079534	0.0300974248925553	0.067115166525084	0.0635042847669878
chr11	59323901	59323974	+	tRNA-Lys-TTT-5-1	0.251001594959836	0.192521181109002	0.345471167632878	0.0928048170139184	0.0902922746776658	0.302018249362878	0.285769281451445
chr11	59319227	59319310	+	tRNA-Leu-TAA-3-1	0.235313995274846	0.192521181109002	0.190009142198083	0.0928048170139184	0.135438412016499	0.117451541418897	0.381025708601927
chr6	27241738	27241812	+	tRNA-Ile-AAT-9-1	0.188251196219877	0.192521181109002	0.155462025434795	0.31818794404772	0.240779399140442	0.184566707943981	0.0635042847669878
chr6	27599199	27599293	+	tRNA-Ile-TAT-2-3	0.235313995274846	0.192521181109002	0.224556258961371	0.185609634027837	0.210681974247887	0.352354624256691	0.412777850985421
chr1	167683961	167684033	+	tRNA-Pro-CGG-1-1	0.156875996849898	0.192521181109002	0.190009142198083	0.145836141021872	0.210681974247887	2.50003995305938	4.57230850322312
chr7	149074600	149074672	-	tRNA-Cys-GCA-10-1	0.219626395589857	0.192521181109002	0.172735583816439	0.331445775049709	0.195633261801609	0.100672749787626	0.190512854300963
chr8	67025601	67025694	+	tRNA-Tyr-GTA-5-1	0.203938795904867	0.192521181109002	0.336834388442056	0.145836141021872	0.0752435622313882	1.5604276217082	1.87337640062614
chr12	125412388	125412461	-	tRNA-Phe-GAA-1-4	0.282376794329816	0.192521181109002	0.293650492487946	0.145836141021872	0.180584549355332	0.285239457731607	0.460406064560662
chr7	149361914	149361986	+	tRNA-Cys-GCA-21-1	0.172563596534887	0.192521181109002	0.172735583816439	0.145836141021872	0.180584549355332	0.134230333050168	0.238141067876204
chr7	149404759	149404831	+	tRNA-Cys-GCA-9-4	0.188251196219877	0.20627269404536	0.207282700579727	0.225383127033802	0.285925536479275	0.151009124681439	0.127008569533976
chr14	21128116	21128210	-	tRNA-Tyr-GTA-7-1	0.156875996849898	0.20627269404536	0.120914908671507	0.132578310019883	0.135438412016499	0.117451541418897	0.269893210259698
chr6	26705605	26705678	+	tRNA-Ala-AGC-13-1	0.329439593384785	0.20627269404536	0.215919479770549	0.331445775049709	0.270876824032997	0.268460666100336	0.36514963741018
chr6	27721178	27721251	-	tRNA-Val-AAC-1-5	0.345127193069775	0.20627269404536	0.207282700579727	0.172351803025848	0.240779399140442	0.067115166525084	0.127008569533976
chr6	28574932	28575004	+	tRNA-Ala-AGC-3-1	0.188251196219877	0.20627269404536	0.112278129480685	0.0265156620039767	0.120389699570221	0.100672749787626	0.127008569533976
chr6	18836401	18836473	+	tRNA-Gln-CTG-1-1	0.188251196219877	0.20627269404536	0.293650492487946	0.225383127033802	0.195633261801609	0.16778791631271	0.15876071191747
chr17	73030525	73030598	-	tRNA-Arg-CCT-2-1	0.203938795904867	0.20627269404536	0.328197609251234	0.132578310019883	0.180584549355332	5.11753144753765	7.28711667701185
chr16	3225691	3225764	+	tRNA-Lys-CTT-2-5	0.266689194644826	0.20627269404536	0.224556258961371	0.0662891550099417	0.150487124462776	0.402690999150504	0.93668820031307
chr1	161493636	161493707	-	tRNA-Gly-GCC-2-1	0.282376794329816	0.20627269404536	0.215919479770549	0.331445775049709	0.25582811158672	1.69465795475837	1.317713908915
chr17	8089675	8089747	+	tRNA-Trp-CCA-3-3	0.125500797479918	0.20627269404536	0.224556258961371	0.198867465029825	0.150487124462776	0.973169914613718	1.27008569533976
chr16	3222048	3222120	+	tRNA-Pro-CGG-1-2	0.156875996849898	0.20627269404536	0.129551687862329	0.145836141021872	0.120389699570221	0.184566707943981	0.460406064560662
chr16	70823409	70823480	+	tRNA-Gly-GCC-2-5	0.109813197794928	0.20627269404536	0.120914908671507	0.119320479017895	0.240779399140442	0.117451541418897	0.285769281451445
chr1	146544772	146544844	+	tRNA-His-GTG-1-2	0.282376794329816	0.20627269404536	0.380018284396166	0.304930113045732	0.25582811158672	0.385912207519233	0.412777850985421
chr16	686735	686806	-	tRNA-Gly-CCC-2-2	0.282376794329816	0.20627269404536	0.293650492487946	0.212125296031813	0.135438412016499	1.96311862085871	3.01645352643192
chr16	3208922	3208994	+	tRNA-Pro-TGG-3-3	0.235313995274846	0.220024206981717	0.276376934106302	0.145836141021872	0.135438412016499	8.02026239974754	5.87414634094637
chr17	37309986	37310058	-	tRNA-Cys-GCA-2-3	0.203938795904867	0.220024206981717	0.146825246243973	0.0530313240079534	0.180584549355332	1.14095783092643	1.33358998010674
chr6	27745663	27745735	+	tRNA-iMet-CAT-2-1	0.172563596534887	0.220024206981717	0.250466596533836	0.132578310019883	0.180584549355332	0.083893958156355	0.15876071191747
chr6	27473606	27473688	-	tRNA-Ser-TGA-4-1	0.298064394014806	0.220024206981717	0.276376934106302	0.251898789037778	0.285925536479275	0.067115166525084	0.174636783109216
chr5	180529252	180529325	-	tRNA-Val-CAC-1-3	0.219626395589857	0.220024206981717	0.371381505205344	0.291672282043744	0.285925536479275	0.201345499575252	0.190512854300963
chr5	180591153	180591226	+	tRNA-Val-AAC-1-2	0.235313995274846	0.220024206981717	0.250466596533836	0.384477099057662	0.331071673818108	0.184566707943981	0.142884640725723
chr6	26319329	26319401	-	tRNA-Trp-CCA-3-1	0.282376794329816	0.220024206981717	0.181372363007261	0.15909397202386	0.25582811158672	0.117451541418897	0.190512854300963
chr17	8090183	8090265	+	tRNA-Ser-GCT-4-3	0.219626395589857	0.220024206981717	0.233193038152193	0.15909397202386	0.195633261801609	1.35908212213295	2.07976532611885
chr11	59318459	59318532	-	tRNA-Val-TAC-2-1	0.282376794329816	0.233775719918074	0.233193038152193	0.07954698601193	0.135438412016499	0.100672749787626	0.381025708601927
chr12	56584147	56584229	+	tRNA-Ser-CGA-4-1	0.298064394014806	0.233775719918074	0.112278129480685	0.198867465029825	0.150487124462776	4.84907078143732	6.01703098167209
chr16	3232634	3232706	-	tRNA-Pro-AGG-2-7	0.219626395589857	0.233775719918074	0.224556258961371	0.251898789037778	0.25582811158672	1.20807299745151	2.12739353969409
chr6	58164627	58164700	-	tRNA-Ala-AGC-13-2	0.188251196219877	0.233775719918074	0.215919479770549	0.304930113045732	0.25582811158672	0.134230333050168	0.222264996684457
chr8	67026222	67026311	+	tRNA-Tyr-GTA-5-2	0.266689194644826	0.233775719918074	0.285013713297124	0.119320479017895	0.120389699570221	6.17459532030773	7.09660382271089
chr3	131950641	131950713	-	tRNA-Cys-GCA-9-1	0.141188397164908	0.233775719918074	0.190009142198083	0.172351803025848	0.120389699570221	0.117451541418897	0.0793803559587348
chr6	28615983	28616057	-	tRNA-Thr-CGT-3-1	0.141188397164908	0.233775719918074	0.259103375724658	0.132578310019883	0.0300974248925553	0.067115166525084	0.127008569533976
chr17	19411493	19411565	+	tRNA-Trp-CCA-2-1	0.329439593384785	0.233775719918074	0.328197609251234	0.119320479017895	0.135438412016499	1.84566707943981	1.19070533938102
chr17	36908033	36908107	-	tRNA-Asn-GTT-2-5	0.125500797479918	0.233775719918074	0.190009142198083	0.07954698601193	0.0451461373388329	1.795330704546	2.92119709928144
chr6	27242989	27243063	-	tRNA-Ile-AAT-3-1	0.219626395589857	0.233775719918074	0.198645921388905	0.278414451041755	0.120389699570221	0.083893958156355	0.0952564271504817
chr19	1383561	1383635	+	tRNA-Asn-GTT-2-6	0.0941255981099386	0.233775719918074	0.172735583816439	0.132578310019883	0.0752435622313882	0.251681874469065	0.492158206944156
chr17	8126150	8126222	-	tRNA-Pro-CGG-1-3	0.423565191494724	0.233775719918074	0.259103375724658	0.132578310019883	0.120389699570221	3.60744020072326	5.03271456778378
chr11	66115590	66115672	+	tRNA-Ser-GCT-3-1	0.172563596534887	0.233775719918074	0.224556258961371	0.15909397202386	0.150487124462776	4.68128286512461	5.62012920187842
chr1	161411322	161411405	+	tRNA-Leu-CAG-1-1	0.454940390864703	0.233775719918074	0.3541079468237	0.39773493005965	0.436412660942051	0.906054748088634	0.666794990053372
chr11	59318766	59318852	+	tRNA-Arg-TCT-3-2	0.203938795904867	0.247527232854432	0.259103375724658	0.0928048170139184	0.0902922746776658	0.302018249362878	0.412777850985421
chr17	8022472	8022545	+	tRNA-Lys-TTT-3-5	0.235313995274846	0.247527232854432	0.207282700579727	0.185609634027837	0.165535836909054	1.0402850811388	1.79399604466741
chr1	222638346	222638419	+	tRNA-Thr-TGT-2-1	0.172563596534887	0.247527232854432	0.302287271678768	0.0928048170139184	0.0752435622313882	0.117451541418897	0.174636783109216
chr1	147505037	147505109	+	tRNA-Gln-CTG-3-2	0.235313995274846	0.247527232854432	0.198645921388905	0.278414451041755	0.25582811158672	0.234903082837794	0.285769281451445
chr14	89445441	89445514	+	tRNA-Ala-AGC-15-1	0.188251196219877	0.247527232854432	0.241829817343015	0.198867465029825	0.240779399140442	0.100672749787626	0.142884640725723
chr6	27499986	27500068	+	tRNA-Ser-AGA-3-1	0.188251196219877	0.247527232854432	0.164098804625617	0.251898789037778	0.225730686694165	0.201345499575252	0.127008569533976
chr5	180601043	180601125	-	tRNA-Leu-AAG-1-3	0.235313995274846	0.247527232854432	0.345471167632878	0.185609634027837	0.225730686694165	0.234903082837794	0.238141067876204
chr14	21078290	21078372	+	tRNA-Leu-AAG-2-3	0.219626395589857	0.247527232854432	0.26774015491548	0.185609634027837	0.135438412016499	0.620815290357027	0.412777850985421
chr13	95201903	95201976	-	tRNA-Phe-GAA-1-5	0.219626395589857	0.247527232854432	0.241829817343015	0.0662891550099417	0.0601948497851105	0.738266831775924	0.793803559587348
chr6	27446590	27446672	+	tRNA-Ser-AGA-2-2	0.329439593384785	0.261278745790789	0.276376934106302	0.172351803025848	0.165535836909054	0.234903082837794	0.444529993368915
chr6	27059520	27059592	+	tRNA-Pro-CGG-2-1	0.235313995274846	0.261278745790789	0.276376934106302	0.225383127033802	0.135438412016499	0.16778791631271	0.111132498342229
chr16	3200674	3200747	+	tRNA-Arg-CCG-1-3	0.407877591809734	0.261278745790789	0.285013713297124	0.15909397202386	0.195633261801609	2.50003995305938	4.61993671679836
chr6	27144993	27145067	-	tRNA-Ile-AAT-5-2	0.407877591809734	0.261278745790789	0.328197609251234	0.304930113045732	0.195633261801609	3.17119161831022	3.30222280788337
chr6	27694472	27694546	+	tRNA-Thr-AGT-4-1	0.376502392439754	0.261278745790789	0.241829817343015	0.278414451041755	0.270876824032997	0.067115166525084	0.142884640725723
chr17	73031207	73031280	+	tRNA-Arg-TCG-3-1	0.188251196219877	0.261278745790789	0.345471167632878	0.15909397202386	0.165535836909054	5.35243453037545	7.39824917535408
chr1	161391882	161391954	-	tRNA-Glu-TTC-4-2	0.188251196219877	0.261278745790789	0.233193038152193	0.185609634027837	0.210681974247887	0.402690999150504	0.508034278135903
chr6	27573416	27573524	-	tRNA-Leu-CAA-2-1	0.298064394014806	0.261278745790789	0.215919479770549	0.185609634027837	0.240779399140442	0.16778791631271	0.238141067876204
chr7	149388271	149388343	-	tRNA-Cys-GCA-17-1	0.203938795904867	0.261278745790789	0.224556258961371	0.265156620039767	0.225730686694165	0.16778791631271	0.238141067876204
chr19	4724081	4724153	+	tRNA-Gly-TCC-1-1	0.141188397164908	0.261278745790789	0.224556258961371	0.132578310019883	0.120389699570221	2.13090653717142	2.54017139067951
chr6	27463592	27463674	+	tRNA-Ser-AGA-2-3	0.313751993699795	0.261278745790789	0.302287271678768	0.198867465029825	0.270876824032997	0.151009124681439	0.285769281451445
chr1	161440204	161440276	-	tRNA-Asp-GTC-2-5	0.345127193069775	0.261278745790789	0.39729184277781	0.583344564087487	0.466510085834607	0.755045623407195	0.619166776478131
chr1	147520766	147520840	-	tRNA-Asn-GTT-9-2	0.313751993699795	0.261278745790789	0.276376934106302	0.384477099057662	0.25582811158672	0.285239457731607	0.301645352643192
chr6	26701711	26701784	+	tRNA-Met-CAT-5-1	0.533378389289652	0.275030258727146	0.31092405086959	0.517055409077545	0.331071673818108	0.201345499575252	0.190512854300963
chr6	144537683	144537766	+	tRNA-Leu-TAA-1-1	0.251001594959836	0.275030258727146	0.449112517922741	0.278414451041755	0.105340987123943	4.21147669944902	3.31809887907511
chr16	3239633	3239705	+	tRNA-Pro-AGG-2-8	0.313751993699795	0.275030258727146	0.285013713297124	0.15909397202386	0.165535836909054	1.34230333050168	1.61935926155819
chr17	8130308	8130382	-	tRNA-Ile-AAT-4-1	0.329439593384785	0.275030258727146	0.172735583816439	0.145836141021872	0.165535836909054	0.33557583262542	0.968440342696564
chr1	161440912	161440995	+	tRNA-Leu-CAG-1-5	0.376502392439754	0.275030258727146	0.371381505205344	0.570086733085499	0.481558798280884	0.721488040144653	0.73029927482036
chr6	26687484	26687557	+	tRNA-Ala-AGC-10-1	0.376502392439754	0.275030258727146	0.26774015491548	0.344703606051697	0.300974248925553	0.218124291206523	0.285769281451445
chr9	14433937	14434009	-	tRNA-His-GTG-1-6	0.156875996849898	0.275030258727146	0.241829817343015	0.132578310019883	0.105340987123943	0.184566707943981	0.0952564271504817
chr11	59318101	59318174	-	tRNA-Val-TAC-1-1	0.219626395589857	0.275030258727146	0.276376934106302	0.106062648015907	0.0601948497851105	0.318797040994149	0.36514963741018
chr17	8125555	8125627	-	tRNA-Asp-GTC-2-11	0.376502392439754	0.275030258727146	0.241829817343015	0.15909397202386	0.165535836909054	1.92956103759616	1.93688068539313
chr5	180524069	180524142	+	tRNA-Val-CAC-1-2	0.298064394014806	0.275030258727146	0.26774015491548	0.278414451041755	0.25582811158672	0.184566707943981	0.190512854300963
chr17	73030000	73030073	+	tRNA-Arg-CCT-1-1	0.282376794329816	0.275030258727146	0.276376934106302	0.198867465029825	0.210681974247887	0.50336374893813	1.06369676984705
chr6	27521191	27521273	-	tRNA-Ser-AGA-4-1	0.313751993699795	0.275030258727146	0.440475738731919	0.145836141021872	0.210681974247887	0.234903082837794	0.269893210259698
chr6	27559592	27559665	-	tRNA-Lys-TTT-4-1	0.345127193069775	0.288781771663503	0.39729184277781	0.225383127033802	0.225730686694165	0.218124291206523	0.238141067876204
chr6	27515530	27515602	-	tRNA-Gln-CTG-2-1	0.313751993699795	0.288781771663503	0.26774015491548	0.23864095803579	0.225730686694165	0.872497164826092	1.47647462083247
chr2	27273649	27273738	+	tRNA-Tyr-GTA-2-1	0.219626395589857	0.288781771663503	0.233193038152193	0.132578310019883	0.105340987123943	2.66782786937209	3.1434620959659
chr1	145979033	145979107	-	tRNA-Asn-GTT-9-1	0.141188397164908	0.288781771663503	0.172735583816439	0.357961437053685	0.31602296137183	0.352354624256691	0.333397495026686
chr6	27065084	27065166	+	tRNA-Ser-GCT-1-1	0.407877591809734	0.288781771663503	0.362744726014522	0.198867465029825	0.195633261801609	0.906054748088634	0.93668820031307
chr6	27688897	27688980	-	tRNA-Leu-TAA-2-1	0.235313995274846	0.288781771663503	0.241829817343015	0.132578310019883	0.180584549355332	0.151009124681439	0.111132498342229
chr14	21093528	21093610	+	tRNA-Leu-TAG-2-1	0.345127193069775	0.302533284599861	0.380018284396166	0.119320479017895	0.150487124462776	0.419469790781775	0.587414634094637
chr16	22308460	22308542	+	tRNA-Leu-AAG-2-4	0.376502392439754	0.302533284599861	0.319560830060412	0.119320479017895	0.25582811158672	0.302018249362878	0.793803559587348
chr17	19764174	19764245	+	tRNA-Gly-CCC-3-1	0.141188397164908	0.302533284599861	0.31092405086959	0.132578310019883	0.180584549355332	0.385912207519233	0.0476282135752409
chr17	29877092	29877164	+	tRNA-Thr-CGT-4-1	0.203938795904867	0.302533284599861	0.224556258961371	0.185609634027837	0.135438412016499	5.28531936385036	5.57250098830318
chr6	27263211	27263283	+	tRNA-Gln-CTG-5-1	0.360814792754765	0.302533284599861	0.31092405086959	0.145836141021872	0.225730686694165	0.251681874469065	0.142884640725723
chr16	70812941	70813012	-	tRNA-Gly-GCC-2-4	0.298064394014806	0.302533284599861	0.259103375724658	0.225383127033802	0.165535836909054	0.117451541418897	0.0793803559587348
chr1	149298554	149298627	-	tRNA-Val-CAC-4-1	0.407877591809734	0.302533284599861	0.31092405086959	0.410992761061639	0.361169098710663	0.553700123831943	0.889059986737829
chr11	75946868	75946940	-	tRNA-Pro-TGG-2-1	0.298064394014806	0.302533284599861	0.371381505205344	0.212125296031813	0.195633261801609	1.34230333050168	1.98450889896837
chr16	73512215	73512288	-	tRNA-Lys-TTT-1-1	0.345127193069775	0.302533284599861	0.26774015491548	0.145836141021872	0.225730686694165	0.100672749787626	0.0952564271504817
chr6	26553730	26553802	+	tRNA-Ala-CGC-1-1	0.282376794329816	0.302533284599861	0.362744726014522	0.119320479017895	0.225730686694165	0.285239457731607	0.254017139067951
chr5	180634754	180634827	+	tRNA-Lys-CTT-2-2	0.423565191494724	0.316284797536218	0.414565401159453	0.225383127033802	0.195633261801609	2.23157928695904	2.0638892549271
chr5	180633867	180633939	+	tRNA-Ala-TGC-3-1	0.439252791179713	0.316284797536218	0.345471167632878	0.265156620039767	0.225730686694165	0.318797040994149	0.381025708601927
chr1	161425413	161425485	-	tRNA-Asp-GTC-2-3	0.329439593384785	0.316284797536218	0.535480309830961	0.609860226091464	0.662143347636216	0.872497164826092	0.920812129121323
chr8	67026423	67026496	+	tRNA-Ala-AGC-8-2	0.235313995274846	0.316284797536218	0.250466596533836	0.07954698601193	0.120389699570221	5.26854057221909	5.41374027638571
chr1	147737381	147737453	-	tRNA-Gln-CTG-4-1	0.141188397164908	0.316284797536218	0.285013713297124	0.344703606051697	0.225730686694165	0.218124291206523	0.36514963741018
chr10	22518437	22518511	-	tRNA-Asn-GTT-2-3	0.376502392439754	0.316284797536218	0.285013713297124	0.15909397202386	0.180584549355332	0.201345499575252	0.825555701970841
chr1	249168053	249168159	+	tRNA-Leu-CAA-4-1	0.470627990549693	0.316284797536218	0.31092405086959	0.0928048170139184	0.135438412016499	0.704709248513382	1.23833355295626
chr6	27302768	27302841	-	tRNA-Lys-TTT-6-1	0.329439593384785	0.316284797536218	0.345471167632878	0.212125296031813	0.120389699570221	0.117451541418897	0.111132498342229
chr17	80452596	80452668	-	tRNA-iMet-CAT-1-8	0.266689194644826	0.316284797536218	0.319560830060412	0.132578310019883	0.270876824032997	0.268460666100336	0.650918918861625
chr16	14379749	14379821	+	tRNA-Thr-CGT-2-1	0.313751993699795	0.316284797536218	0.345471167632878	0.185609634027837	0.195633261801609	2.41614599490302	2.39728674995379
chr1	147753470	147753542	+	tRNA-His-GTG-1-3	0.266689194644826	0.316284797536218	0.302287271678768	0.384477099057662	0.376217811156941	0.50336374893813	0.301645352643192
chr17	8129927	8130009	-	tRNA-Ser-AGA-2-6	0.392189992124744	0.316284797536218	0.336834388442056	0.145836141021872	0.180584549355332	0.620815290357027	1.20658141057277
chr6	26554349	26554423	+	tRNA-Ile-AAT-5-1	0.470627990549693	0.330036310472575	0.293650492487946	0.225383127033802	0.195633261801609	0.369133415887962	0.619166776478131
chr14	21131350	21131444	-	tRNA-Tyr-GTA-5-4	0.0941255981099386	0.330036310472575	0.285013713297124	0.265156620039767	0.225730686694165	0.268460666100336	0.269893210259698
chr10	69524260	69524342	+	tRNA-Ser-TGA-1-1	0.486315590234683	0.330036310472575	0.293650492487946	0.132578310019883	0.210681974247887	1.40941849702676	1.93688068539313
chr2	157257280	157257352	+	tRNA-Ala-CGC-3-1	0.251001594959836	0.330036310472575	0.276376934106302	0.172351803025848	0.135438412016499	3.13763403504768	3.69912458767704
chr6	26521435	26521518	+	tRNA-Leu-CAG-1-7	0.219626395589857	0.330036310472575	0.362744726014522	0.106062648015907	0.195633261801609	1.32552453887041	1.27008569533976
chr6	27248048	27248121	-	tRNA-Val-CAC-2-1	0.376502392439754	0.330036310472575	0.31092405086959	0.265156620039767	0.210681974247887	0.285239457731607	0.20638892549271
chr14	21151431	21151520	+	tRNA-Tyr-GTA-5-5	0.423565191494724	0.330036310472575	0.509569972258495	0.106062648015907	0.150487124462776	5.9564710291012	5.4454924187692
chr15	45493348	45493420	+	tRNA-His-GTG-1-9	0.596128788029611	0.330036310472575	0.39729184277781	0.185609634027837	0.135438412016499	2.46648236979684	2.44491496352903
chr6	126101392	126101464	-	tRNA-Glu-CTC-1-7	0.407877591809734	0.330036310472575	0.39729184277781	0.145836141021872	0.135438412016499	0.402690999150504	2.11151746850234
chr17	8024242	8024330	+	tRNA-Arg-TCT-2-1	0.203938795904867	0.330036310472575	0.224556258961371	0.212125296031813	0.240779399140442	0.536921332200672	0.460406064560662
chr14	21125622	21125716	-	tRNA-Tyr-GTA-4-1	0.219626395589857	0.330036310472575	0.362744726014522	0.212125296031813	0.270876824032997	0.184566707943981	0.20638892549271
chr16	57333862	57333945	+	tRNA-Leu-CAG-2-1	0.172563596534887	0.343787823408933	0.233193038152193	0.106062648015907	0.105340987123943	0.419469790781775	0.317521423834939
chr16	87417627	87417700	-	tRNA-Met-CAT-6-1	0.282376794329816	0.343787823408933	0.328197609251234	0.225383127033802	0.225730686694165	3.72489174214216	4.92158206944156
chr6	26758549	26758622	-	tRNA-Met-CAT-4-2	0.360814792754765	0.343787823408933	0.293650492487946	0.291672282043744	0.165535836909054	0.117451541418897	0.127008569533976
chr1	161409960	161410032	-	tRNA-Gly-TCC-4-1	0.345127193069775	0.343787823408933	0.466386076304385	0.198867465029825	0.300974248925553	1.71143674638964	1.65111140394168
chr7	149007280	149007352	+	tRNA-Cys-GCA-1-1	0.235313995274846	0.343787823408933	0.198645921388905	0.212125296031813	0.240779399140442	0.151009124681439	0.111132498342229
chr6	26771289	26771362	-	tRNA-Ala-AGC-9-2	0.298064394014806	0.343787823408933	0.207282700579727	0.251898789037778	0.240779399140442	0.16778791631271	0.238141067876204
chr5	180596609	180596682	+	tRNA-Val-AAC-1-3	0.376502392439754	0.343787823408933	0.31092405086959	0.331445775049709	0.376217811156941	0.151009124681439	0.301645352643192
chr16	3241500	3241573	+	tRNA-Lys-CTT-4-1	0.298064394014806	0.343787823408933	0.336834388442056	0.212125296031813	0.150487124462776	0.234903082837794	0.36514963741018
chr14	21152174	21152246	+	tRNA-Pro-TGG-3-2	0.360814792754765	0.35753933634529	0.423202180350275	0.212125296031813	0.210681974247887	1.92956103759616	1.69873961751692
chr6	26327816	26327898	+	tRNA-Ser-AGA-2-1	0.329439593384785	0.35753933634529	0.319560830060412	0.23864095803579	0.0601948497851105	0.285239457731607	0.396901779793674
chr15	45490803	45490875	-	tRNA-His-GTG-1-7	0.329439593384785	0.35753933634529	0.3541079468237	0.0928048170139184	0.165535836909054	0.788603206669737	1.00019248508006
chr17	8023631	8023713	-	tRNA-Leu-TAG-1-1	0.203938795904867	0.35753933634529	0.26774015491548	0.198867465029825	0.225730686694165	0.536921332200672	0.476282135752409
chr13	31248100	31248174	-	tRNA-Asn-GTT-2-4	0.329439593384785	0.35753933634529	0.250466596533836	0.291672282043744	0.225730686694165	0.604036498725756	0.952564271504817
chr15	66161399	66161471	-	tRNA-Gln-CTG-1-4	0.454940390864703	0.35753933634529	0.57866420578507	0.23864095803579	0.240779399140442	5.62089519647578	6.33455240550703
chr6	26286753	26286825	+	tRNA-iMet-CAT-1-2	0.345127193069775	0.35753933634529	0.362744726014522	0.185609634027837	0.165535836909054	4.07724636639885	6.63619775815023
chr1	149326271	149326345	-	tRNA-Asn-GTT-12-1	0.423565191494724	0.371290849281647	0.380018284396166	0.251898789037778	0.0902922746776658	0.184566707943981	0.15876071191747
chr12	125411890	125411962	-	tRNA-Asp-GTC-2-9	0.345127193069775	0.371290849281647	0.388655063586988	0.07954698601193	0.195633261801609	0.889275956457363	1.317713908915
chr11	75946556	75946628	+	tRNA-Pro-AGG-2-4	0.329439593384785	0.371290849281647	0.39729184277781	0.251898789037778	0.270876824032997	0.536921332200672	0.682671061245119
chr2	157257658	157257729	-	tRNA-Gly-GCC-2-2	0.423565191494724	0.371290849281647	0.31092405086959	0.07954698601193	0.150487124462776	0.151009124681439	0.317521423834939
chr1	16861773	16861845	-	tRNA-Glu-TTC-4-1	0.298064394014806	0.371290849281647	0.31092405086959	0.278414451041755	0.406315236049496	0.855718373194821	0.444529993368915
chr1	161410614	161410686	-	tRNA-Asp-GTC-2-1	0.533378389289652	0.371290849281647	0.405928621968631	0.464024085069592	0.51165622317344	1.14095783092643	0.857307844354335
chr6	27205349	27205423	-	tRNA-Ile-AAT-5-3	0.376502392439754	0.371290849281647	0.224556258961371	0.212125296031813	0.210681974247887	0.369133415887962	0.174636783109216
chr6	26766443	26766516	+	tRNA-Met-CAT-4-3	0.313751993699795	0.371290849281647	0.483659634686029	0.119320479017895	0.135438412016499	0.16778791631271	0.111132498342229
chr6	27759134	27759206	-	tRNA-Gln-CTG-6-1	0.251001594959836	0.371290849281647	0.570027426594249	0.145836141021872	0.165535836909054	0.536921332200672	0.825555701970841
chr1	161426121	161426204	+	tRNA-Leu-CAG-1-3	0.423565191494724	0.371290849281647	0.457749297113563	0.623118057093452	0.662143347636216	0.889275956457363	0.809679630779095
chr1	143879831	143879905	-	tRNA-Asn-GTT-10-1	0.235313995274846	0.371290849281647	0.31092405086959	0.23864095803579	0.300974248925553	0.251681874469065	0.36514963741018
chr19	45981848	45981945	-	tRNA-SeC-TCA-1-1	0.329439593384785	0.371290849281647	0.405928621968631	0.331445775049709	0.105340987123943	2.65104907774082	3.23871852311638
chr1	161433531	161433614	+	tRNA-Leu-CAG-1-4	0.470627990549693	0.385042362218005	0.39729184277781	0.464024085069592	0.451461373388329	1.02350628950753	0.825555701970841
chr12	98898029	98898101	+	tRNA-Trp-CCA-4-1	0.360814792754765	0.385042362218005	0.405928621968631	0.225383127033802	0.300974248925553	3.38931590951674	4.09602636747071
chr19	4724646	4724719	-	tRNA-Val-CAC-3-1	0.219626395589857	0.385042362218005	0.224556258961371	0.145836141021872	0.135438412016499	0.083893958156355	0.269893210259698
chr6	27471522	27471594	+	tRNA-Asp-GTC-2-7	0.345127193069775	0.385042362218005	0.39729184277781	0.132578310019883	0.25582811158672	0.285239457731607	0.301645352643192
chr6	26730736	26730809	+	tRNA-Ala-AGC-9-1	0.251001594959836	0.385042362218005	0.233193038152193	0.212125296031813	0.361169098710663	0.234903082837794	0.222264996684457
chr6	27551235	27551307	-	tRNA-Asp-GTC-3-1	0.376502392439754	0.398793875154362	0.362744726014522	0.185609634027837	0.195633261801609	0.184566707943981	0.127008569533976
chr2	131094700	131094772	-	tRNA-Glu-TTC-1-1	0.376502392439754	0.398793875154362	0.39729184277781	0.145836141021872	0.165535836909054	0.402690999150504	0.381025708601927
chr14	21077494	21077566	-	tRNA-Pro-AGG-2-5	0.345127193069775	0.398793875154362	0.483659634686029	0.185609634027837	0.210681974247887	0.67115166525084	0.412777850985421
chr6	27182951	27183024	+	tRNA-Arg-ACG-2-3	0.345127193069775	0.398793875154362	0.3541079468237	0.15909397202386	0.270876824032997	1.05706387277007	0.285769281451445
chr16	3234132	3234204	-	tRNA-Pro-TGG-3-4	0.345127193069775	0.398793875154362	0.3541079468237	0.185609634027837	0.225730686694165	0.234903082837794	0.412777850985421
chr1	161369489	161369562	-	tRNA-Val-CAC-1-1	0.423565191494724	0.398793875154362	0.345471167632878	0.278414451041755	0.165535836909054	4.84907078143732	4.12777850985421
chr1	153643725	153643797	+	tRNA-iMet-CAT-1-1	0.313751993699795	0.398793875154362	0.587300984975892	0.212125296031813	0.240779399140442	1.89600345433362	2.77831245855572
chr6	27655966	27656040	+	tRNA-Ile-AAT-2-1	0.454940390864703	0.398793875154362	0.345471167632878	0.15909397202386	0.150487124462776	0.973169914613718	0.698547132436866
chr16	3238093	3238165	+	tRNA-Pro-TGG-3-5	0.360814792754765	0.412545388090719	0.345471167632878	0.185609634027837	0.180584549355332	0.184566707943981	0.666794990053372
chr14	21101164	21101236	+	tRNA-Pro-TGG-1-1	0.251001594959836	0.412545388090719	0.250466596533836	0.265156620039767	0.25582811158672	0.201345499575252	0.222264996684457
chr6	27636361	27636435	+	tRNA-Ile-AAT-8-1	0.470627990549693	0.412545388090719	0.457749297113563	0.23864095803579	0.225730686694165	0.33557583262542	0.20638892549271
chr6	26556773	26556846	+	tRNA-Lys-CTT-2-4	0.298064394014806	0.412545388090719	0.371381505205344	0.251898789037778	0.300974248925553	0.285239457731607	0.381025708601927
chr13	41634873	41634945	-	tRNA-Glu-TTC-1-2	0.596128788029611	0.412545388090719	0.518206751449317	0.185609634027837	0.180584549355332	11.7787117251522	11.0179934070724
chr6	26595101	26595190	+	tRNA-Tyr-GTA-6-1	0.219626395589857	0.426296901027077	0.345471167632878	0.198867465029825	0.225730686694165	0.117451541418897	0.142884640725723
chr5	180615415	180615488	-	tRNA-Val-AAC-2-1	0.407877591809734	0.426296901027077	0.483659634686029	0.212125296031813	0.31602296137183	1.0402850811388	1.30183783772325
chr15	40886022	40886104	-	tRNA-Ser-GCT-4-2	0.439252791179713	0.426296901027077	0.405928621968631	0.172351803025848	0.300974248925553	4.02690999150504	4.9374581406333
chr19	1383360	1383433	-	tRNA-Phe-GAA-1-6	0.219626395589857	0.426296901027077	0.26774015491548	0.0928048170139184	0.0601948497851105	1.14095783092643	2.0638892549271
chr6	26577331	26577420	+	tRNA-Tyr-GTA-3-1	0.251001594959836	0.426296901027077	0.39729184277781	0.265156620039767	0.165535836909054	0.117451541418897	0.190512854300963
chr5	180600649	180600722	+	tRNA-Val-CAC-1-4	0.298064394014806	0.426296901027077	0.509569972258495	0.291672282043744	0.331071673818108	0.50336374893813	1.14307712580578
chr9	131102354	131102445	-	tRNA-Arg-TCT-3-1	0.329439593384785	0.426296901027077	0.380018284396166	0.0928048170139184	0.135438412016499	2.04701257901506	3.00057745524017
chr16	3207405	3207478	-	tRNA-Lys-CTT-3-1	0.392189992124744	0.440048413963434	0.466386076304385	0.145836141021872	0.135438412016499	3.60744020072326	2.90532102808969
chr6	26735573	26735646	-	tRNA-Met-CAT-4-1	0.282376794329816	0.440048413963434	0.302287271678768	0.212125296031813	0.240779399140442	0.151009124681439	0.111132498342229
chr14	21149848	21149921	+	tRNA-Thr-TGT-5-1	0.454940390864703	0.440048413963434	0.26774015491548	0.212125296031813	0.120389699570221	0.755045623407195	1.20658141057277
chr6	26537725	26537798	+	tRNA-Arg-ACG-1-2	0.376502392439754	0.453799926899791	0.371381505205344	0.23864095803579	0.300974248925553	0.33557583262542	0.904936057929576
chr6	27870685	27870756	-	tRNA-Gly-GCC-2-3	0.454940390864703	0.453799926899791	0.561390647403427	0.15909397202386	0.285925536479275	0.453027374044317	1.39709426487373
chr2	27274081	27274154	+	tRNA-Ala-AGC-8-1	0.313751993699795	0.453799926899791	0.388655063586988	0.172351803025848	0.0902922746776658	0.855718373194821	1.42884640725723
chr5	180615853	180615925	-	tRNA-Pro-TGG-3-1	0.392189992124744	0.453799926899791	0.371381505205344	0.212125296031813	0.240779399140442	1.24163058071405	2.20677389565283
chr15	45492610	45492682	-	tRNA-His-GTG-1-8	0.737317185194519	0.467551439836148	0.449112517922741	0.172351803025848	0.120389699570221	2.36580962000921	2.28615425161156
chr12	98897280	98897352	+	tRNA-Asp-GTC-1-1	0.360814792754765	0.467551439836148	0.475022855495207	0.172351803025848	0.165535836909054	1.34230333050168	2.44491496352903
chr6	26331671	26331743	-	tRNA-Trp-CCA-3-2	0.470627990549693	0.467551439836148	0.457749297113563	0.145836141021872	0.270876824032997	0.151009124681439	0.142884640725723
chr1	161418740	161418823	+	tRNA-Leu-CAG-1-2	0.392189992124744	0.467551439836148	0.414565401159453	0.437508423065615	0.57185107295855	0.906054748088634	0.873183915546082
chr5	180649394	180649467	-	tRNA-Val-CAC-1-5	0.454940390864703	0.467551439836148	0.570027426594249	0.251898789037778	0.361169098710663	4.06046757476758	6.68382597172547
chr16	22207031	22207113	-	tRNA-Leu-TAG-3-1	0.596128788029611	0.467551439836148	0.380018284396166	0.119320479017895	0.225730686694165	0.486584957306859	1.17482926818927
chr1	249168446	249168518	+	tRNA-Glu-CTC-2-1	0.470627990549693	0.467551439836148	0.500933193067673	0.0928048170139184	0.195633261801609	0.436248582413046	0.476282135752409
chr14	73429678	73429750	+	tRNA-Cys-GCA-8-1	0.407877591809734	0.481302952772506	0.414565401159453	0.212125296031813	0.225730686694165	0.285239457731607	0.222264996684457
chr14	23398909	23398982	+	tRNA-Arg-ACG-1-3	0.454940390864703	0.481302952772506	0.544117089021783	0.31818794404772	0.391266523603219	2.13090653717142	2.96882531285668
chr1	161510030	161510104	+	tRNA-Asn-GTT-1-1	0.219626395589857	0.481302952772506	0.509569972258495	0.291672282043744	0.240779399140442	0.268460666100336	0.381025708601927
chr1	161432823	161432895	-	tRNA-Asp-GTC-2-4	0.549065988974642	0.481302952772506	0.457749297113563	0.530313240079534	0.481558798280884	1.09062145603261	1.06369676984705
chr17	8023069	8023141	+	tRNA-Gln-CTG-1-5	0.376502392439754	0.495054465708863	0.3541079468237	0.0928048170139184	0.150487124462776	0.218124291206523	0.317521423834939
chr17	8124865	8124937	+	tRNA-Gly-TCC-3-1	0.235313995274846	0.495054465708863	0.518206751449317	0.106062648015907	0.165535836909054	3.32220074299166	3.3816031638421
chr6	27258404	27258477	+	tRNA-Val-TAC-4-1	0.235313995274846	0.495054465708863	0.509569972258495	0.145836141021872	0.225730686694165	0.637594081988298	0.0635042847669878
chr6	27177627	27177709	+	tRNA-Ser-CGA-2-1	0.407877591809734	0.495054465708863	0.552753868212605	0.212125296031813	0.270876824032997	0.184566707943981	0.142884640725723
chr6	26328367	26328440	+	tRNA-Arg-ACG-1-1	0.439252791179713	0.495054465708863	0.500933193067673	0.198867465029825	0.0752435622313882	0.100672749787626	0.20638892549271
chr12	125406300	125406372	-	tRNA-Ala-TGC-3-2	0.454940390864703	0.50880597864522	0.440475738731919	0.119320479017895	0.120389699570221	0.16778791631271	0.317521423834939
chr19	33667962	33668036	+	tRNA-Thr-AGT-1-3	0.596128788029611	0.50880597864522	0.647758439311646	0.172351803025848	0.135438412016499	4.07724636639885	4.00076994032023
chr19	39902807	39902900	-	tRNA-Ile-TAT-1-1	0.439252791179713	0.522557491581578	0.57866420578507	0.145836141021872	0.135438412016499	4.42960099065554	4.92158206944156
chr6	27652473	27652547	-	tRNA-Thr-AGT-2-2	0.596128788029611	0.522557491581578	0.483659634686029	0.198867465029825	0.210681974247887	0.218124291206523	0.174636783109216
chr6	27638343	27638416	-	tRNA-Arg-ACG-2-4	0.235313995274846	0.522557491581578	0.552753868212605	0.132578310019883	0.135438412016499	0.302018249362878	0.222264996684457
chr6	28456769	28456843	-	tRNA-Thr-CGT-1-1	0.439252791179713	0.522557491581578	0.509569972258495	0.225383127033802	0.0902922746776658	0.33557583262542	0.825555701970841
chr6	27487307	27487379	+	tRNA-Gln-CTG-1-2	0.502003189919672	0.536309004517935	0.57866420578507	0.225383127033802	0.240779399140442	1.34230333050168	2.3337824651868
chr1	161418032	161418104	-	tRNA-Asp-GTC-2-2	0.517690789604662	0.536309004517935	0.449112517922741	0.464024085069592	0.57185107295855	0.822160789932279	0.968440342696564
chr1	149684087	149684161	-	tRNA-Val-CAC-5-1	0.517690789604662	0.536309004517935	0.466386076304385	0.39773493005965	0.541753648065995	0.906054748088634	1.36534212249024
chr17	8124186	8124258	-	tRNA-Trp-CCA-1-1	0.266689194644826	0.536309004517935	0.535480309830961	0.106062648015907	0.25582811158672	3.42287349277928	3.17521423834939
chr6	27181622	27181695	-	tRNA-Arg-ACG-2-2	0.329439593384785	0.550060517454292	0.449112517922741	0.212125296031813	0.300974248925553	0.385912207519233	0.269893210259698
chr17	8042769	8042843	-	tRNA-Thr-AGT-5-1	0.298064394014806	0.550060517454292	0.423202180350275	0.145836141021872	0.120389699570221	0.251681874469065	0.254017139067951
chr17	66016012	66016085	-	tRNA-Arg-CCG-2-1	0.62750398739959	0.550060517454292	0.647758439311646	0.291672282043744	0.31602296137183	2.56715511958446	5.39786420519396
chr15	89878303	89878376	+	tRNA-Arg-TCG-1-1	0.67456678645456	0.550060517454292	0.561390647403427	0.0928048170139184	0.0902922746776658	4.19469790781775	4.31829136415517
chr6	26555497	26555569	+	tRNA-Pro-AGG-2-2	0.376502392439754	0.550060517454292	0.457749297113563	0.172351803025848	0.225730686694165	0.33557583262542	0.349273566218433
chr6	27130049	27130123	+	tRNA-Thr-AGT-6-1	0.611816387714601	0.577563543327007	0.466386076304385	0.225383127033802	0.195633261801609	0.201345499575252	0.142884640725723
chr16	3202900	3202973	+	tRNA-Arg-CCT-3-1	0.972631180469365	0.577563543327007	0.561390647403427	0.185609634027837	0.285925536479275	0.469806165675588	0.666794990053372
chr12	125424511	125424583	+	tRNA-Ala-TGC-4-1	0.517690789604662	0.577563543327007	0.647758439311646	0.23864095803579	0.225730686694165	0.989948706244989	1.66698747513343
chr17	8042198	8042280	-	tRNA-Ser-CGA-1-1	0.65887918676957	0.577563543327007	0.595937764166714	0.132578310019883	0.210681974247887	0.637594081988298	0.682671061245119
chr6	26312823	26312905	-	tRNA-Ser-TGA-3-1	0.533378389289652	0.577563543327007	0.561390647403427	0.119320479017895	0.210681974247887	0.285239457731607	0.333397495026686
chr1	204475654	204475727	+	tRNA-Lys-TTT-3-1	0.439252791179713	0.577563543327007	0.449112517922741	0.225383127033802	0.300974248925553	1.19129420582024	1.68286354632518
chr6	27509553	27509635	-	tRNA-Ser-AGA-1-1	0.298064394014806	0.577563543327007	0.440475738731919	0.185609634027837	0.210681974247887	0.369133415887962	0.111132498342229
chr14	102783428	102783502	+	tRNA-Ile-AAT-5-4	0.313751993699795	0.591315056263364	0.734126231219866	0.212125296031813	0.210681974247887	0.906054748088634	2.58779960425475
chr6	27586134	27586208	+	tRNA-Thr-CGT-5-1	0.580441188344621	0.591315056263364	0.552753868212605	0.106062648015907	0.285925536479275	0.587257707094485	1.17482926818927
chr16	57334391	57334474	-	tRNA-Leu-CAG-2-2	0.407877591809734	0.591315056263364	0.570027426594249	0.0928048170139184	0.105340987123943	0.117451541418897	0.127008569533976
chr5	180618686	180618758	-	tRNA-Thr-TGT-6-1	0.517690789604662	0.591315056263364	0.518206751449317	0.225383127033802	0.270876824032997	3.69133415887962	5.82651812737113
chr6	26323045	26323118	+	tRNA-Arg-TCG-2-1	0.517690789604662	0.591315056263364	0.457749297113563	0.212125296031813	0.180584549355332	0.654372873619569	0.93668820031307
chr6	26330528	26330600	-	tRNA-iMet-CAT-1-4	0.502003189919672	0.605066569199722	0.647758439311646	0.198867465029825	0.195633261801609	0.134230333050168	0.285769281451445
chr1	161432165	161432237	-	tRNA-Gly-TCC-2-4	0.894193182044416	0.605066569199722	0.811857243937263	0.702665043105382	0.496607510727162	2.81883699405353	1.76224390228391
chr6	27198333	27198416	-	tRNA-Leu-TAA-4-1	0.705941985824539	0.618818082136079	0.570027426594249	0.185609634027837	0.195633261801609	0.201345499575252	0.127008569533976
chr6	27300763	27300835	-	tRNA-iMet-CAT-1-5	0.313751993699795	0.618818082136079	0.570027426594249	0.185609634027837	0.331071673818108	0.134230333050168	0.190512854300963
chr6	27618706	27618779	-	tRNA-Val-AAC-3-1	0.392189992124744	0.618818082136079	0.7082158936474	0.198867465029825	0.180584549355332	0.100672749787626	0.15876071191747
chr1	167684724	167684796	-	tRNA-Pro-AGG-2-1	0.298064394014806	0.632569595072436	0.475022855495207	0.132578310019883	0.135438412016499	0.318797040994149	0.333397495026686
chr17	8129552	8129626	-	tRNA-Thr-AGT-1-2	0.64319158708458	0.632569595072436	0.656395218502468	0.145836141021872	0.135438412016499	0.788603206669737	1.38121819368198
chr1	161427897	161427968	+	tRNA-Gly-GCC-1-3	0.64319158708458	0.646321108008793	0.595937764166714	0.981079494147137	0.662143347636216	0.973169914613718	1.09544891223054
chr1	161500131	161500214	-	tRNA-Leu-CAG-1-6	0.439252791179713	0.646321108008793	0.751399789601509	0.212125296031813	0.210681974247887	1.69465795475837	1.44472247844897
chr6	27560599	27560671	-	tRNA-iMet-CAT-1-6	0.439252791179713	0.646321108008793	0.526843530640139	0.225383127033802	0.165535836909054	0.184566707943981	0.174636783109216
chr1	17188415	17188486	+	tRNA-Gly-CCC-1-2	0.360814792754765	0.646321108008793	0.613211322548358	0.185609634027837	0.165535836909054	2.13090653717142	0.15876071191747
chr1	161420466	161420537	+	tRNA-Gly-GCC-1-2	0.988318780154355	0.660072620945151	0.837767581509729	0.914790339137196	0.842727896991548	0.973169914613718	0.984316413888311
chr1	145399232	145399304	-	tRNA-Glu-CTC-1-1	0.69025438613955	0.660072620945151	0.820494023128085	0.331445775049709	0.31602296137183	0.419469790781775	0.619166776478131
chr6	27870270	27870342	-	tRNA-iMet-CAT-1-7	0.392189992124744	0.660072620945151	0.535480309830961	0.132578310019883	0.240779399140442	0.436248582413046	0.762051417203854
chr1	204476157	204476230	-	tRNA-Lys-TTT-3-2	0.705941985824539	0.660072620945151	0.647758439311646	0.278414451041755	0.240779399140442	1.64432157986456	5.85827026975463
chr1	161424755	161424827	-	tRNA-Gly-TCC-2-3	0.862817982674437	0.673824133881508	0.837767581509729	0.63637588809544	0.752435622313882	3.10407645178513	1.77811997347566
chr1	161439546	161439618	-	tRNA-Gly-TCC-2-5	0.768692384564498	0.673824133881508	0.794583685555619	0.729180705109359	0.917971459222936	2.88595216057861	1.90512854300963
chr14	58706612	58706685	-	tRNA-Lys-CTT-1-1	0.62750398739959	0.687575646817865	0.552753868212605	0.371219268055674	0.25582811158672	0.234903082837794	0.36514963741018
chr11	59333852	59333925	-	tRNA-Phe-GAA-2-1	0.282376794329816	0.701327159754223	0.500933193067673	0.106062648015907	0.0752435622313882	0.050336374893813	0.0476282135752409
chr1	161417374	161417446	-	tRNA-Gly-TCC-2-2	0.705941985824539	0.701327159754223	0.690942335265756	0.71592287410737	0.616997210297383	3.02018249362878	1.8257481870509
chr1	161413093	161413164	+	tRNA-Gly-GCC-1-1	0.64319158708458	0.71507867269058	0.725489452029044	0.835243353125265	0.812630472098992	0.872497164826092	0.809679630779095
chr17	8090477	8090551	+	tRNA-Thr-AGT-1-1	0.454940390864703	0.71507867269058	0.535480309830961	0.172351803025848	0.165535836909054	0.973169914613718	1.317713908915
chr7	139025445	139025518	+	tRNA-Arg-CCT-4-1	0.65887918676957	0.71507867269058	0.829130802318907	0.265156620039767	0.165535836909054	2.01345499575252	2.95294924166493
chr12	125424192	125424264	-	tRNA-Asp-GTC-2-10	0.517690789604662	0.728830185626937	0.66503199769329	0.198867465029825	0.150487124462776	0.989948706244989	1.71461568870867
chr6	26533144	26533218	-	tRNA-Thr-AGT-2-1	0.67456678645456	0.728830185626937	0.647758439311646	0.23864095803579	0.225730686694165	0.402690999150504	0.587414634094637
chr14	21081948	21082021	-	tRNA-Thr-TGT-3-1	0.533378389289652	0.728830185626937	0.630484880930002	0.172351803025848	0.180584549355332	0.973169914613718	0.873183915546082
chr8	96281884	96281966	-	tRNA-Ser-AGA-2-5	0.62750398739959	0.728830185626937	0.742763010410687	0.31818794404772	0.346120386264386	2.01345499575252	5.81064205617938
chr1	145395521	145395594	-	tRNA-Lys-CTT-2-1	0.454940390864703	0.728830185626937	0.587300984975892	0.291672282043744	0.31602296137183	4.06046757476758	6.20754383597306
chr1	161435257	161435328	+	tRNA-Gly-GCC-1-4	0.878505582359427	0.728830185626937	0.837767581509729	0.808727691121289	0.782533047206437	1.0402850811388	0.682671061245119
chr14	21099318	21099391	-	tRNA-Thr-TGT-4-1	0.64319158708458	0.742581698563295	0.716852672838222	0.212125296031813	0.180584549355332	0.16778791631271	0.333397495026686
chr1	161581735	161581819	-	tRNA-Leu-CAA-6-1	0.423565191494724	0.770084724436009	0.829130802318907	0.278414451041755	0.150487124462776	1.99667620412125	1.61935926155819
chr6	26313351	26313423	-	tRNA-iMet-CAT-1-3	0.517690789604662	0.770084724436009	0.62184810173918	0.265156620039767	0.165535836909054	0.570478915463214	0.619166776478131
chr1	161397866	161397940	-	tRNA-Asn-GTT-2-2	1.05106917889431	0.770084724436009	0.785946906364797	0.198867465029825	0.25582811158672	0.083893958156355	0.238141067876204
chr12	96429798	96429870	+	tRNA-Asp-GTC-2-8	0.847130382989447	0.770084724436009	0.967319269372058	0.278414451041755	0.105340987123943	1.35908212213295	2.15914568207759
chr13	45492061	45492133	-	tRNA-Glu-TTC-2-1	0.580441188344621	0.783836237372367	0.595937764166714	0.291672282043744	0.195633261801609	4.29537065760538	3.81025708601927
chr5	180645269	180645342	-	tRNA-Val-AAC-1-4	0.894193182044416	0.797587750308724	0.924135373417948	0.251898789037778	0.165535836909054	0.620815290357027	0.952564271504817
chr1	148000804	148000878	+	tRNA-Asn-GTT-7-1	0.847130382989447	0.797587750308724	0.941408931799592	0.570086733085499	0.647094635189938	6.57728631945823	7.50938167369631
chr1	145396880	145396952	-	tRNA-His-GTG-1-1	0.972631180469365	0.797587750308724	0.811857243937263	0.304930113045732	0.466510085834607	3.38931590951674	4.52468028964788
chr17	8090910	8090984	+	tRNA-Ile-AAT-5-5	0.753004784879509	0.811339263245081	0.751399789601509	0.198867465029825	0.135438412016499	0.872497164826092	1.22245748176452
chr6	26538281	26538354	+	tRNA-Val-CAC-1-6	0.69025438613955	0.811339263245081	0.837767581509729	0.265156620039767	0.300974248925553	1.54364883007693	2.68305603140523
chr19	36066749	36066822	+	tRNA-Lys-CTT-10-1	0.800067583934478	0.825090776181438	0.742763010410687	1.04736864915708	0.632045922743661	0.117451541418897	0.127008569533976
chr6	28442328	28442402	-	tRNA-Thr-TGT-1-1	0.800067583934478	0.838842289117796	0.475022855495207	0.172351803025848	0.25582811158672	0.134230333050168	0.174636783109216
chr1	161500902	161500974	+	tRNA-Gly-TCC-2-6	0.611816387714601	0.838842289117796	0.863677919082195	0.172351803025848	0.210681974247887	1.59398520497074	1.50822676321596
chr15	26327380	26327452	-	tRNA-Glu-TTC-2-2	0.705941985824539	0.852593802054153	1.21778586590589	0.119320479017895	0.105340987123943	1.51009124681439	1.92100461420138
chr6	26311423	26311495	-	tRNA-Gln-TTG-3-1	1.25500797479918	0.852593802054153	0.837767581509729	0.185609634027837	0.180584549355332	0.16778791631271	0.285769281451445
chr3	169490017	169490090	+	tRNA-Val-AAC-1-1	0.721629585509529	0.852593802054153	0.690942335265756	0.119320479017895	0.25582811158672	1.96311862085871	1.23833355295626
chr6	27763639	27763711	-	tRNA-Gln-TTG-3-3	0.580441188344621	0.852593802054153	0.699579114456578	0.185609634027837	0.25582811158672	0.134230333050168	0.222264996684457
chr6	27447452	27447524	+	tRNA-Asp-GTC-2-6	0.580441188344621	0.880096827926868	0.760036568792331	0.31818794404772	0.25582811158672	1.00672749787626	0.698547132436866
chr1	149711797	149711871	-	tRNA-Asn-GTT-8-1	0.909880781729406	0.907599853799582	0.742763010410687	0.331445775049709	0.406315236049496	0.738266831775924	1.01606855627181
chr6	26988124	26988218	+	tRNA-Ile-TAT-2-2	0.611816387714601	0.907599853799582	0.855041139891373	0.212125296031813	0.25582811158672	4.56383132370571	5.01683849659204
chr6	26572091	26572164	-	tRNA-Ala-AGC-11-1	0.611816387714601	0.976357418481369	0.872314698273017	0.265156620039767	0.240779399140442	1.09062145603261	0.93668820031307
chr17	47269889	47269961	+	tRNA-Gln-TTG-1-1	1.11381957763427	1.00386044435408	1.14869163237932	0.15909397202386	0.165535836909054	2.86917336894734	6.4933131174245
chr1	148598313	148598387	-	tRNA-Asn-GTT-3-1	0.972631180469365	1.00386044435408	0.846404360700551	0.503797578075557	0.616997210297383	8.22160789932279	9.84316413888311
chr1	148248114	148248188	+	tRNA-Asn-GTT-2-1	0.909880781729406	1.00386044435408	0.855041139891373	0.503797578075557	0.57185107295855	9.01021110599253	9.47801450147293
chr5	180648978	180649051	-	tRNA-Lys-CTT-2-3	0.847130382989447	1.0313634702268	1.08823417804357	0.198867465029825	0.346120386264386	1.92956103759616	3.85788529959451
chr15	79152903	79152976	+	tRNA-Lys-CTT-1-2	0.894193182044416	1.04511498316316	0.846404360700551	0.212125296031813	0.0752435622313882	1.19129420582024	0.444529993368915
chr6	27640228	27640310	-	tRNA-Ser-CGA-3-1	0.345127193069775	1.1276240607813	0.898225035845483	0.212125296031813	0.376217811156941	0.788603206669737	0.539786420519396
chr6	27203287	27203360	+	tRNA-Val-AAC-5-1	0.188251196219877	1.15512708665401	0.716852672838222	0.198867465029825	0.105340987123943	0.83893958156355	0.142884640725723
chr5	180614700	180614782	+	tRNA-Leu-AAG-2-1	1.75701116471885	1.18263011252673	1.43370534567644	0.198867465029825	0.195633261801609	0.486584957306859	1.23833355295626
chr6	27470817	27470899	+	tRNA-Ser-AGA-2-4	1.03538157920932	1.21013313839944	1.31279043700494	0.172351803025848	0.165535836909054	0.385912207519233	0.285769281451445
chr2	70476122	70476193	-	tRNA-Gly-CCC-2-1	1.16088237668924	1.21013313839944	1.20914908671507	0.106062648015907	0.150487124462776	0.201345499575252	0.492158206944156
chr6	27125905	27125977	+	tRNA-His-GTG-1-5	1.16088237668924	1.23763616427216	1.08823417804357	0.251898789037778	0.135438412016499	0.805381998301008	0.555662491711143
chr1	145397863	145397935	-	tRNA-Gly-TCC-2-1	0.800067583934478	1.27889070308123	1.26096976186	0.291672282043744	0.496607510727162	0.285239457731607	0.603290705286384
chr14	21081559	21081631	-	tRNA-Pro-AGG-2-6	0.862817982674437	1.27889070308123	1.20051230752425	0.172351803025848	0.180584549355332	0.453027374044317	0.492158206944156
chr6	26569085	26569176	+	tRNA-Tyr-GTA-1-1	1.14519477700425	1.33389675482666	1.23505942428754	0.198867465029825	0.285925536479275	0.352354624256691	0.428653922177168
chr1	16872433	16872504	-	tRNA-Gly-CCC-1-1	0.298064394014806	1.34764826776302	0.950045710990414	0.304930113045732	0.346120386264386	2.73494303589717	0.0793803559587348
chr1	161431808	161431880	-	tRNA-Glu-CTC-1-4	1.49032197007403	1.37515129363573	1.58916737111124	0.662891550099417	0.586899785404828	1.91278224596489	1.50822676321596
chr6	26311974	26312046	-	tRNA-Gln-TTG-3-2	2.55707874865333	1.43015734538116	1.52870991677548	0.0928048170139184	0.31602296137183	0.285239457731607	0.444529993368915
chr6	28180814	28180896	+	tRNA-Ser-GCT-5-1	0.941255981099386	1.43015734538116	1.22642264509672	0.145836141021872	0.135438412016499	0.520142540569401	0.539786420519396
chr1	161424397	161424469	-	tRNA-Glu-CTC-1-3	1.66288556660891	1.52641793593566	1.64098804625617	0.7954698601193	0.737386909867604	1.97989741248998	1.84162425824265
chr8	124169469	124169542	-	tRNA-Met-CAT-1-1	0.768692384564498	1.59517550061745	1.57189381272959	0.278414451041755	0.436412660942051	0.520142540569401	0.635042847669878
chr1	161439188	161439260	-	tRNA-Glu-CTC-1-5	1.78838636408883	1.6089270135538	1.77917651330932	0.729180705109359	0.782533047206437	1.99667620412125	1.84162425824265
chr1	161417017	161417089	-	tRNA-Glu-CTC-1-2	1.64719796692393	1.6089270135538	1.57189381272959	0.808727691121289	0.797581759652715	1.97989741248998	1.65111140394168
